115.19813975 -8.86221752 0
115.23917068 -8.83685452 1
115.26133143 -8.79398234 2
115.28031845 -8.75127397 3
115.28550573 -8.70207274 4
115.29535552 -8.65367949 5
115.33563084 -8.62510511 6
115.37447375 -8.59441916 7
115.42201467 -8.58361817 8
115.46519539 -8.55980083 9
115.51198901 -8.54355110 10
115.54555428 -8.51333249 11
115.58860807 -8.53141747 12
115.62049151 -8.49967800 13
115.65201708 -8.46190222 14
115.69225625 -8.43296820 15
115.71351624 -8.38921040 16
115.68881279 -8.34835579 17
115.64620846 -8.32333167 18
115.60920310 -8.29177750 19
115.57765889 -8.25325156 20
115.53959434 -8.22151967 21
115.50084698 -8.19123187 22
115.45787963 -8.16663498 23
115.41288165 -8.14793406 24
115.36693744 -8.12889146 25
115.32234007 -8.10859722 26
115.27531624 -8.09229274 27
115.23000345 -8.07210644 28
115.18386699 -8.05683333 29
115.13523103 -8.06549524 30
115.09297023 -8.08789677 31
115.05377494 -8.11623658 32
115.01669466 -8.14837620 33
114.97109469 -8.16260943 34
114.92692569 -8.17271561 35
114.87892146 -8.18400245 36
114.83053993 -8.17643650 37
114.79118090 -8.15852355 38
114.74790304 -8.14867790 39
114.70083113 -8.13686780 40
114.65620750 -8.12379176 41
114.60992649 -8.11341618 42
114.56145978 -8.12419755 43
114.52287587 -8.11865254 44
114.51123123 -8.09017477 45
114.46134145 -8.08998238 46
114.42237524 -8.10973439 47
114.42784319 -8.15671931 48
114.42799232 -8.19828223 49
114.44261194 -8.23413100 50
114.45439625 -8.27952271 51
114.48733127 -8.31616202 52
114.50682377 -8.35998414 53
114.53803866 -8.39803021 54
114.57822642 -8.42531926 55
114.62495915 -8.43111992 56
114.67105971 -8.41400392 57
114.72069153 -8.41075876 58
114.76688914 -8.42541442 59
114.81101844 -8.44798000 60
114.85987429 -8.45702717 61
114.90222480 -8.48237297 62
114.93858470 -8.51500668 63
114.97404114 -8.54997102 64
115.01329296 -8.58009539 65
115.03914886 -8.62252046 66
115.06443209 -8.66554910 67
115.09743156 -8.70184305 68
115.11019561 -8.74859455 69
115.08747081 -8.79177128 70
115.06408654 -8.83100151 71
115.10087219 -8.85649864 72
115.14952194 -8.86229668 73
115.19813975 -8.86221752 74
115.59349175 -8.82499458 75
115.61998470 -8.78502493 76
115.62100006 -8.74276784 77
115.58705445 -8.70710106 78
115.55604939 -8.67394471 79
115.50669259 -8.67346378 80
115.46078013 -8.66136187 81
115.41727134 -8.67713897 82
115.44435860 -8.71351443 83
115.44874241 -8.74816658 84
115.48803054 -8.77634342 85
115.52613908 -8.80564927 86
115.57277862 -8.82091910 87
115.59349175 -8.82499458 88
116.38003415 -8.96220304 89
116.41254912 -8.93155119 90
116.46128577 -8.94140884 91
116.50067855 -8.93608693 92
116.54408694 -8.91291731 93
116.57674035 -8.87884722 94
116.57569030 -8.85408447 95
116.54678053 -8.81746962 96
116.55152621 -8.77140745 97
116.58405694 -8.73420221 98
116.61577817 -8.69967030 99
116.63716770 -8.65555177 100
116.66669470 -8.61761415 101
116.67375070 -8.57447238 102
116.68696715 -8.52685247 103
116.71633283 -8.48864087 104
116.75124427 -8.45669071 105
116.77137645 -8.41329179 106
116.75889166 -8.36618499 107
116.73351106 -8.32405537 108
116.70188162 -8.28634321 109
116.66320198 -8.25719016 110
116.65352211 -8.27462258 111
116.60453379 -8.27094960 112
116.55764435 -8.25701601 113
116.50847323 -8.25188478 114
116.46403683 -8.23003759 115
116.41586320 -8.21717450 116
116.36677939 -8.20828518 117
116.31739339 -8.21300566 118
116.27584410 -8.23972798 119
116.23428880 -8.26559900 120
116.19934104 -8.30088981 121
116.16151913 -8.33116193 122
116.11413672 -8.31940880 123
116.06453090 -8.32235805 124
116.02239809 -8.34283911 125
116.04555980 -8.38464059 126
116.03547526 -8.42585348 127
116.02798076 -8.47237259 128
116.02956697 -8.52014851 129
116.04447351 -8.56202315 130
116.04042358 -8.60966502 131
116.00576061 -8.63952749 132
115.95919917 -8.65670128 133
115.91187505 -8.66984993 134
115.86958484 -8.69452233 135
115.83342867 -8.72280647 136
115.81630812 -8.76398667 137
115.82505161 -8.81240516 138
115.86684100 -8.82951715 139
115.91161395 -8.84923248 140
115.95281243 -8.86499887 141
115.98840591 -8.89874770 142
116.03122713 -8.90190666 143
116.07405462 -8.90048275 144
116.11562336 -8.88139420 145
116.15540946 -8.90501099 146
116.18339056 -8.91962840 147
116.22775538 -8.91560727 148
116.27227651 -8.92094745 149
116.31968483 -8.92622919 150
116.35966193 -8.93762490 151
116.38003415 -8.96220304 152
