114.6330 -7.8919 0 flores
114.6318 -7.9721 1 flores
114.6305 -8.0524 2 flores
114.6293 -8.1326 3 flores
114.6280 -8.2129 4 flores
114.6268 -8.2932 5 flores
114.6255 -8.3734 6 flores
114.8604 -7.8952 7 flores
114.8591 -7.9755 8 flores
114.8579 -8.0557 9 flores
114.8567 -8.1360 10 flores
114.8554 -8.2163 11 flores
114.8542 -8.2965 12 flores
114.8530 -8.3768 13 flores
115.0877 -7.8985 14 flores
115.0865 -7.9787 15 flores
115.0854 -8.0590 16 flores
115.0842 -8.1393 17 flores
115.0830 -8.2195 18 flores
115.0818 -8.2998 19 flores
115.0806 -8.3800 20 flores
115.3151 -7.9016 21 flores
115.3140 -7.9819 22 flores
115.3128 -8.0621 23 flores
115.3117 -8.1424 24 flores
115.3105 -8.2226 25 flores
115.3094 -8.3029 26 flores
115.3082 -8.3832 27 flores
115.5425 -7.9046 28 flores
115.5414 -7.9849 29 flores
115.5403 -8.0651 30 flores
115.5392 -8.1454 31 flores
115.5381 -8.2256 32 flores
115.5370 -8.3059 33 flores
115.5358 -8.3862 34 flores
115.7698 -7.9075 35 flores
115.7688 -7.9877 36 flores
115.7677 -8.0680 37 flores
115.7667 -8.1483 38 flores
115.7656 -8.2285 39 flores
115.7645 -8.3088 40 flores
115.7635 -8.3891 41 flores
116.0936 -7.9318 42 flores
116.0777 -8.0119 43 flores
116.0617 -8.0920 44 flores
116.0458 -8.1721 45 flores
116.0299 -8.2522 46 flores
116.0139 -8.3323 47 flores
115.9980 -8.4124 48 flores
116.3167 -7.9751 49 flores
116.3008 -8.0553 50 flores
116.2849 -8.1354 51 flores
116.2690 -8.2155 52 flores
116.2531 -8.2956 53 flores
116.2372 -8.3757 54 flores
116.2212 -8.4558 55 flores
116.4646 -7.9784 56 flores
116.4664 -8.0600 57 flores
116.4682 -8.1416 58 flores
116.4699 -8.2232 59 flores
116.4717 -8.3049 60 flores
116.4735 -8.3865 61 flores
116.4753 -8.4681 62 flores
116.6919 -7.9733 63 flores
116.6937 -8.0550 64 flores
116.6956 -8.1366 65 flores
116.6974 -8.2182 66 flores
116.6992 -8.2999 67 flores
116.7010 -8.3815 68 flores
116.7028 -8.4631 69 flores
116.9193 -7.9682 70 flores
116.9211 -8.0498 71 flores
116.9230 -8.1315 72 flores
116.9249 -8.2131 73 flores
116.9267 -8.2947 74 flores
116.9286 -8.3764 75 flores
116.9304 -8.4580 76 flores
117.1466 -7.9629 77 flores
117.1486 -8.0446 78 flores
117.1505 -8.1262 79 flores
117.1524 -8.2078 80 flores
117.1543 -8.2895 81 flores
117.1562 -8.3711 82 flores
117.1581 -8.4527 83 flores
117.3740 -7.9576 84 flores
117.3759 -8.0392 85 flores
117.3779 -8.1208 86 flores
117.3798 -8.2024 87 flores
117.3818 -8.2841 88 flores
117.3837 -8.3657 89 flores
117.3857 -8.4473 90 flores
117.6013 -7.9521 91 flores
117.6033 -8.0337 92 flores
117.6053 -8.1153 93 flores
117.6073 -8.1969 94 flores
117.6093 -8.2786 95 flores
117.6113 -8.3602 96 flores
117.6133 -8.4418 97 flores
117.8287 -7.9464 98 flores
117.8307 -8.0281 99 flores
117.8328 -8.1097 100 flores
117.8348 -8.1913 101 flores
117.8368 -8.2729 102 flores
117.8389 -8.3546 103 flores
117.8409 -8.4362 104 flores
118.1681 -7.9259 105 flores
118.1788 -8.0068 106 flores
118.1895 -8.0878 107 flores
118.2002 -8.1687 108 flores
118.2109 -8.2497 109 flores
118.2216 -8.3307 110 flores
118.2323 -8.4116 111 flores
118.3935 -7.8965 112 flores
118.4042 -7.9775 113 flores
118.4149 -8.0584 114 flores
118.4257 -8.1394 115 flores
118.4364 -8.2204 116 flores
118.4471 -8.3013 117 flores
118.4579 -8.3823 118 flores
118.6189 -7.8671 119 flores
118.6297 -7.9480 120 flores
118.6405 -8.0290 121 flores
118.6512 -8.1099 122 flores
118.6620 -8.1909 123 flores
118.6728 -8.2718 124 flores
118.6835 -8.3528 125 flores
118.8443 -7.8375 126 flores
118.8551 -7.9185 127 flores
118.8659 -7.9994 128 flores
118.8767 -8.0804 129 flores
118.8876 -8.1613 130 flores
118.8984 -8.2422 131 flores
118.9092 -8.3232 132 flores
119.0697 -7.8078 133 flores
119.0805 -7.8888 134 flores
119.0914 -7.9697 135 flores
119.1022 -8.0506 136 flores
119.1131 -8.1316 137 flores
119.1239 -8.2125 138 flores
119.1348 -8.2935 139 flores
119.2336 -7.8010 140 flores
119.2334 -7.8826 141 flores
119.2333 -7.9643 142 flores
119.2332 -8.0459 143 flores
119.2330 -8.1276 144 flores
119.2329 -8.2092 145 flores
119.2328 -8.2909 146 flores
119.4609 -7.8012 147 flores
119.4608 -7.8829 148 flores
119.4607 -7.9645 149 flores
119.4606 -8.0462 150 flores
119.4604 -8.1278 151 flores
119.4603 -8.2095 152 flores
119.4602 -8.2911 153 flores
119.6882 -7.8014 154 flores
119.6882 -7.8830 155 flores
119.6881 -7.9647 156 flores
119.6880 -8.0463 157 flores
119.6880 -8.1280 158 flores
119.6879 -8.2096 159 flores
119.6878 -8.2913 160 flores
119.9156 -7.8014 161 flores
119.9155 -7.8830 162 flores
119.9155 -7.9647 163 flores
119.9155 -8.0463 164 flores
119.9155 -8.1280 165 flores
119.9154 -8.2096 166 flores
119.9154 -8.2913 167 flores
120.1429 -7.8013 168 flores
120.1429 -7.8829 169 flores
120.1429 -7.9646 170 flores
120.1429 -8.0462 171 flores
120.1430 -8.1279 172 flores
120.1430 -8.2095 173 flores
120.1430 -8.2912 174 flores
120.3702 -7.8010 175 flores
120.3703 -7.8827 176 flores
120.3703 -7.9643 177 flores
120.3704 -8.0460 178 flores
120.3705 -8.1276 179 flores
120.3705 -8.2093 180 flores
120.3706 -8.2909 181 flores
120.6147 -7.8344 182 flores
120.5885 -7.9119 183 flores
120.5624 -7.9893 184 flores
120.5362 -8.0667 185 flores
120.5100 -8.1441 186 flores
120.4838 -8.2216 187 flores
120.4576 -8.2990 188 flores
120.8303 -7.9058 189 flores
120.8042 -7.9832 190 flores
120.7780 -8.0607 191 flores
120.7519 -8.1381 192 flores
120.7257 -8.2155 193 flores
120.6995 -8.2930 194 flores
120.6733 -8.3704 195 flores
121.0461 -7.9771 196 flores
121.0200 -8.0545 197 flores
120.9938 -8.1320 198 flores
120.9677 -8.2094 199 flores
120.9416 -8.2869 200 flores
120.9154 -8.3643 201 flores
120.8892 -8.4417 202 flores
121.2619 -8.0482 203 flores
121.2358 -8.1257 204 flores
121.2097 -8.2031 205 flores
121.1836 -8.2806 206 flores
121.1575 -8.3581 207 flores
121.1314 -8.4355 208 flores
121.1053 -8.5130 209 flores
121.4777 -8.1193 210 flores
121.4517 -8.1967 211 flores
121.4256 -8.2742 212 flores
121.3996 -8.3517 213 flores
121.3735 -8.4292 214 flores
121.3474 -8.5066 215 flores
121.3213 -8.5841 216 flores
119.796 -11.216 217 java
119.806 -11.002 218 java
119.799 -10.801 219 java
119.783 -10.618 220 java
119.760 -10.453 221 java
119.736 -10.307 222 java
119.712 -10.174 223 java
119.688 -10.048 224 java
119.665 -9.936 225 java
119.647 -9.834 226 java
119.629 -9.733 227 java
119.611 -9.637 228 java
119.596 -9.551 229 java
119.433 -11.202 230 java
119.438 -11.018 231 java
119.430 -10.839 232 java
119.413 -10.675 233 java
119.390 -10.522 234 java
119.363 -10.381 235 java
119.337 -10.253 236 java
119.310 -10.131 237 java
119.283 -10.016 238 java
119.260 -9.912 239 java
119.239 -9.815 240 java
119.217 -9.717 241 java
119.197 -9.625 242 java
119.069 -11.200 243 java
119.069 -11.039 244 java
119.060 -10.881 245 java
119.044 -10.733 246 java
119.024 -10.593 247 java
119.000 -10.459 248 java
118.974 -10.335 249 java
118.949 -10.217 250 java
118.924 -10.103 251 java
118.899 -9.997 252 java
118.876 -9.898 253 java
118.855 -9.800 254 java
118.833 -9.703 255 java
118.707 -11.210 256 java
118.703 -11.064 257 java
118.693 -10.922 258 java
118.680 -10.784 259 java
118.664 -10.654 260 java
118.645 -10.527 261 java
118.625 -10.405 262 java
118.605 -10.290 263 java
118.585 -10.179 264 java
118.564 -10.071 265 java
118.545 -9.969 266 java
118.527 -9.869 267 java
118.510 -9.769 268 java
118.347 -11.226 269 java
118.341 -11.090 270 java
118.333 -10.956 271 java
118.322 -10.825 272 java
118.311 -10.699 273 java
118.299 -10.577 274 java
118.285 -10.457 275 java
118.271 -10.342 276 java
118.258 -10.232 277 java
118.245 -10.122 278 java
118.232 -10.015 279 java
118.221 -9.912 280 java
118.211 -9.810 281 java
117.987 -11.243 282 java
117.982 -11.111 283 java
117.976 -10.981 284 java
117.970 -10.852 285 java
117.963 -10.727 286 java
117.956 -10.607 287 java
117.950 -10.487 288 java
117.944 -10.370 289 java
117.938 -10.259 290 java
117.933 -10.148 291 java
117.927 -10.037 292 java
117.922 -9.931 293 java
117.917 -9.829 294 java
117.628 -11.256 295 java
117.625 -11.125 296 java
117.622 -10.994 297 java
117.619 -10.864 298 java
117.617 -10.738 299 java
117.615 -10.616 300 java
117.614 -10.494 301 java
117.613 -10.376 302 java
117.613 -10.264 303 java
117.613 -10.153 304 java
117.613 -10.043 305 java
117.613 -9.938 306 java
117.612 -9.839 307 java
117.269 -11.262 308 java
117.268 -11.129 309 java
117.268 -10.997 310 java
117.269 -10.865 311 java
117.271 -10.737 312 java
117.273 -10.614 313 java
117.276 -10.490 314 java
117.279 -10.371 315 java
117.282 -10.259 316 java
117.285 -10.148 317 java
117.288 -10.038 318 java
117.291 -9.936 319 java
117.292 -9.840 320 java
116.909 -11.260 321 java
116.911 -11.124 322 java
116.915 -10.990 323 java
116.919 -10.855 324 java
116.924 -10.726 325 java
116.930 -10.600 326 java
116.936 -10.475 327 java
116.942 -10.357 328 java
116.947 -10.246 329 java
116.953 -10.135 330 java
116.957 -10.028 331 java
116.961 -9.929 332 java
116.964 -9.836 333 java
116.551 -11.251 334 java
116.555 -11.112 335 java
116.562 -10.974 336 java
116.569 -10.837 337 java
116.576 -10.706 338 java
116.584 -10.580 339 java
116.592 -10.455 340 java
116.600 -10.338 341 java
116.607 -10.228 342 java
116.614 -10.118 343 java
116.620 -10.012 344 java
116.625 -9.916 345 java
116.630 -9.824 346 java
116.192 -11.235 347 java
116.199 -11.093 348 java
116.208 -10.952 349 java
116.217 -10.815 350 java
116.227 -10.683 351 java
116.237 -10.555 352 java
116.247 -10.430 353 java
116.256 -10.314 354 java
116.264 -10.204 355 java
116.273 -10.094 356 java
116.281 -9.990 357 java
116.287 -9.896 358 java
116.293 -9.806 359 java
115.834 -11.213 360 java
115.844 -11.069 361 java
115.855 -10.925 362 java
115.867 -10.786 363 java
115.879 -10.654 364 java
115.891 -10.524 365 java
115.903 -10.400 366 java
115.914 -10.286 367 java
115.924 -10.175 368 java
115.933 -10.066 369 java
115.942 -9.965 370 java
115.949 -9.875 371 java
115.956 -9.784 372 java
115.477 -11.183 373 java
115.492 -11.037 374 java
115.508 -10.891 375 java
115.523 -10.752 376 java
115.538 -10.619 377 java
115.552 -10.488 378 java
115.566 -10.366 379 java
115.578 -10.254 380 java
115.590 -10.144 381 java
115.601 -10.036 382 java
115.611 -9.939 383 java
115.618 -9.850 384 java
115.625 -9.760 385 java
115.122 -11.140 386 java
115.142 -10.993 387 java
115.162 -10.848 388 java
115.182 -10.710 389 java
115.201 -10.577 390 java
115.219 -10.447 391 java
115.235 -10.327 392 java
115.250 -10.216 393 java
115.264 -10.106 394 java
115.276 -10.002 395 java
115.287 -9.909 396 java
115.296 -9.821 397 java
115.305 -9.733 398 java
114.770 -11.086 399 java
114.797 -10.938 400 java
114.824 -10.795 401 java
114.849 -10.658 402 java
114.873 -10.524 403 java
114.895 -10.398 404 java
114.914 -10.283 405 java
114.931 -10.173 406 java
114.948 -10.064 407 java
114.962 -9.964 408 java
114.974 -9.875 409 java
114.985 -9.788 410 java
114.995 -9.700 411 java
114.422 -11.011 412 java
114.458 -10.866 413 java
114.491 -10.726 414 java
114.522 -10.591 415 java
114.551 -10.461 416 java
114.577 -10.340 417 java
114.599 -10.228 418 java
114.620 -10.119 419 java
114.639 -10.015 420 java
114.655 -9.921 421 java
114.668 -9.834 422 java
114.680 -9.747 423 java
114.693 -9.661 424 java
114.077 -10.916 425 java
114.117 -10.776 426 java
114.155 -10.641 427 java
114.190 -10.509 428 java
114.222 -10.384 429 java
114.250 -10.269 430 java
114.275 -10.160 431 java
114.298 -10.054 432 java
114.318 -9.957 433 java
114.335 -9.870 434 java
114.349 -9.785 435 java
114.363 -9.699 436 java
114.376 -9.618 437 java
113.731 -10.812 438 java
113.772 -10.676 439 java
113.812 -10.543 440 java
113.847 -10.415 441 java
113.879 -10.299 442 java
113.908 -10.188 443 java
113.934 -10.081 444 java
113.957 -9.982 445 java
113.976 -9.893 446 java
113.993 -9.809 447 java
114.009 -9.724 448 java
114.025 -9.642 449 java
114.037 -9.568 450 java
113.384 -10.709 451 java
113.423 -10.574 452 java
113.460 -10.442 453 java
113.493 -10.320 454 java
113.523 -10.207 455 java
113.550 -10.098 456 java
113.575 -9.997 457 java
113.596 -9.905 458 java
113.615 -9.820 459 java
113.632 -9.735 460 java
113.649 -9.653 461 java
113.664 -9.579 462 java
113.676 -9.513 463 java
113.033 -10.615 464 java
113.067 -10.478 465 java
113.099 -10.349 466 java
113.129 -10.230 467 java
113.156 -10.116 468 java
113.180 -10.010 469 java
113.202 -9.915 470 java
113.221 -9.826 471 java
113.239 -9.740 472 java
113.257 -9.656 473 java
113.272 -9.580 474 java
113.285 -9.513 475 java
113.296 -9.450 476 java
112.679 -10.534 477 java
112.707 -10.396 478 java
112.733 -10.269 479 java
112.758 -10.147 480 java
112.782 -10.033 481 java
112.803 -9.931 482 java
112.822 -9.837 483 java
112.839 -9.747 484 java
112.857 -9.660 485 java
112.872 -9.581 486 java
112.885 -9.511 487 java
112.896 -9.446 488 java
112.908 -9.381 489 java
112.321 -10.470 490 java
112.343 -10.330 491 java
112.365 -10.200 492 java
112.387 -10.075 493 java
112.407 -9.962 494 java
112.425 -9.863 495 java
112.442 -9.767 496 java
112.459 -9.674 497 java
112.474 -9.590 498 java
112.487 -9.516 499 java
112.499 -9.447 500 java
112.511 -9.379 501 java
112.523 -9.312 502 java
111.961 -10.420 503 java
111.978 -10.277 504 java
111.997 -10.141 505 java
112.016 -10.014 506 java
112.034 -9.902 507 java
112.051 -9.799 508 java
112.068 -9.700 509 java
112.085 -9.608 510 java
112.099 -9.527 511 java
112.112 -9.453 512 java
112.125 -9.382 513 java
112.139 -9.312 514 java
112.152 -9.243 515 java
111.601 -10.385 516 java
111.615 -10.234 517 java
111.631 -10.089 518 java
111.649 -9.958 519 java
111.666 -9.844 520 java
111.685 -9.734 521 java
111.703 -9.632 522 java
111.720 -9.542 523 java
111.735 -9.462 524 java
111.751 -9.384 525 java
111.766 -9.308 526 java
111.781 -9.238 527 java
111.795 -9.173 528 java
111.241 -10.356 529 java
111.254 -10.196 530 java
111.271 -10.042 531 java
111.288 -9.905 532 java
111.306 -9.783 533 java
111.327 -9.666 534 java
111.346 -9.564 535 java
111.363 -9.474 536 java
111.380 -9.388 537 java
111.398 -9.306 538 java
111.415 -9.228 539 java
111.430 -9.160 540 java
111.444 -9.098 541 java
110.883 -10.328 542 java
110.896 -10.157 543 java
110.913 -9.996 544 java
110.931 -9.853 545 java
110.951 -9.720 546 java
110.971 -9.599 547 java
110.990 -9.496 548 java
111.007 -9.401 549 java
111.026 -9.309 550 java
111.044 -9.225 551 java
111.060 -9.151 552 java
111.074 -9.084 553 java
111.088 -9.021 554 java
110.524 -10.298 555 java
110.540 -10.119 556 java
110.557 -9.952 557 java
110.575 -9.801 558 java
110.595 -9.660 559 java
110.613 -9.538 560 java
110.631 -9.432 561 java
110.649 -9.329 562 java
110.667 -9.234 563 java
110.684 -9.152 564 java
110.699 -9.079 565 java
110.713 -9.009 566 java
110.728 -8.941 567 java
110.166 -10.266 568 java
110.183 -10.082 569 java
110.201 -9.910 570 java
110.219 -9.752 571 java
110.238 -9.607 572 java
110.256 -9.483 573 java
110.274 -9.370 574 java
110.293 -9.262 575 java
110.310 -9.166 576 java
110.326 -9.084 577 java
110.342 -9.006 578 java
110.358 -8.931 579 java
110.375 -8.858 580 java
109.809 -10.232 581 java
109.828 -10.045 582 java
109.846 -9.870 583 java
109.865 -9.706 584 java
109.884 -9.558 585 java
109.903 -9.429 586 java
109.922 -9.307 587 java
109.942 -9.196 588 java
109.961 -9.100 589 java
109.979 -9.012 590 java
109.998 -8.927 591 java
110.018 -8.847 592 java
110.036 -8.775 593 java
109.452 -10.194 594 java
109.473 -10.007 595 java
109.493 -9.829 596 java
109.514 -9.660 597 java
109.534 -9.508 598 java
109.554 -9.370 599 java
109.576 -9.242 600 java
109.598 -9.128 601 java
109.619 -9.026 602 java
109.641 -8.929 603 java
109.663 -8.840 604 java
109.684 -8.759 605 java
109.704 -8.685 606 java
109.096 -10.151 607 java
109.120 -9.965 608 java
109.143 -9.784 609 java
109.166 -9.612 610 java
109.188 -9.456 611 java
109.211 -9.310 612 java
109.234 -9.176 613 java
109.257 -9.058 614 java
109.280 -8.947 615 java
109.304 -8.843 616 java
109.327 -8.751 617 java
109.349 -8.667 618 java
109.371 -8.589 619 java
108.741 -10.102 620 java
108.769 -9.917 621 java
108.795 -9.735 622 java
108.820 -9.562 623 java
108.845 -9.400 624 java
108.871 -9.249 625 java
108.896 -9.111 626 java
108.921 -8.987 627 java
108.947 -8.869 628 java
108.972 -8.762 629 java
108.996 -8.667 630 java
109.020 -8.578 631 java
109.045 -8.492 632 java
108.388 -10.047 633 java
108.420 -9.863 634 java
108.451 -9.682 635 java
108.481 -9.507 636 java
108.510 -9.341 637 java
108.540 -9.186 638 java
108.568 -9.044 639 java
108.597 -8.912 640 java
108.627 -8.789 641 java
108.655 -8.680 642 java
108.683 -8.580 643 java
108.711 -8.485 644 java
108.739 -8.396 645 java
108.040 -9.981 646 java
108.081 -9.800 647 java
108.119 -9.620 648 java
108.156 -9.445 649 java
108.192 -9.276 650 java
108.227 -9.118 651 java
108.261 -8.972 652 java
108.296 -8.835 653 java
108.329 -8.710 654 java
108.361 -8.596 655 java
108.393 -8.488 656 java
108.425 -8.390 657 java
108.455 -8.301 658 java
107.699 -9.893 659 java
107.752 -9.718 660 java
107.801 -9.545 661 java
107.849 -9.373 662 java
107.894 -9.204 663 java
107.937 -9.045 664 java
107.978 -8.896 665 java
108.017 -8.757 666 java
108.055 -8.629 667 java
108.092 -8.511 668 java
108.128 -8.400 669 java
108.162 -8.299 670 java
108.195 -8.207 671 java
107.367 -9.777 672 java
107.433 -9.613 673 java
107.494 -9.448 674 java
107.555 -9.282 675 java
107.610 -9.118 676 java
107.661 -8.962 677 java
107.709 -8.813 678 java
107.754 -8.674 679 java
107.797 -8.545 680 java
107.838 -8.423 681 java
107.877 -8.312 682 java
107.915 -8.208 683 java
107.951 -8.110 684 java
107.045 -9.631 685 java
107.119 -9.480 686 java
107.191 -9.324 687 java
107.258 -9.168 688 java
107.321 -9.014 689 java
107.379 -8.863 690 java
107.433 -8.718 691 java
107.483 -8.580 692 java
107.530 -8.450 693 java
107.575 -8.328 694 java
107.618 -8.215 695 java
107.659 -8.109 696 java
107.698 -8.010 697 java
106.728 -9.461 698 java
106.804 -9.322 699 java
106.878 -9.178 700 java
106.948 -9.033 701 java
107.015 -8.888 702 java
107.077 -8.744 703 java
107.136 -8.603 704 java
107.191 -8.467 705 java
107.242 -8.338 706 java
107.290 -8.217 707 java
107.337 -8.102 708 java
107.381 -7.995 709 java
107.422 -7.897 710 java
106.414 -9.287 711 java
106.489 -9.155 712 java
106.562 -9.020 713 java
106.632 -8.882 714 java
106.699 -8.744 715 java
106.764 -8.607 716 java
106.825 -8.471 717 java
106.883 -8.339 718 java
106.938 -8.213 719 java
106.991 -8.092 720 java
107.042 -7.977 721 java
107.090 -7.868 722 java
107.136 -7.769 723 java
106.103 -9.107 724 java
106.176 -8.982 725 java
106.248 -8.856 726 java
106.318 -8.726 727 java
106.386 -8.594 728 java
106.452 -8.461 729 java
106.515 -8.329 730 java
106.576 -8.200 731 java
106.635 -8.074 732 java
106.692 -7.953 733 java
106.748 -7.837 734 java
106.802 -7.729 735 java
106.852 -7.629 736 java
105.796 -8.922 737 java
105.870 -8.805 738 java
105.941 -8.685 739 java
106.012 -8.563 740 java
106.081 -8.437 741 java
106.147 -8.310 742 java
106.211 -8.183 743 java
106.274 -8.054 744 java
106.334 -7.928 745 java
106.394 -7.804 746 java
106.453 -7.684 747 java
106.510 -7.574 748 java
106.565 -7.475 749 java
105.496 -8.727 750 java
105.569 -8.617 751 java
105.640 -8.505 752 java
105.710 -8.391 753 java
105.777 -8.274 754 java
105.843 -8.153 755 java
105.906 -8.031 756 java
105.968 -7.907 757 java
106.028 -7.780 758 java
106.088 -7.653 759 java
106.148 -7.528 760 java
106.207 -7.409 761 java
106.265 -7.303 762 java
105.197 -8.524 763 java
105.268 -8.419 764 java
105.335 -8.315 765 java
105.401 -8.209 766 java
105.465 -8.100 767 java
105.527 -7.988 768 java
105.587 -7.872 769 java
105.646 -7.753 770 java
105.704 -7.629 771 java
105.762 -7.502 772 java
105.822 -7.370 773 java
105.885 -7.237 774 java
105.951 -7.112 775 java
104.895 -8.323 776 java
104.959 -8.221 777 java
105.020 -8.121 778 java
105.079 -8.022 779 java
105.137 -7.919 780 java
105.194 -7.815 781 java
105.249 -7.707 782 java
105.305 -7.594 783 java
105.360 -7.474 784 java
105.416 -7.349 785 java
105.476 -7.212 786 java
105.544 -7.059 787 java
105.624 -6.905 788 java
