                            0.72000E+02  0.47500E+03  0.97500E+03  0.24750E+04  0.10000E+05
 115.198   -8.862   31.379  0.48087E-01  0.43874E+00  0.64423E+00  0.96394E+00  0.17862E+01
 115.239   -8.837   30.542  0.92154E-02  0.73983E-01  0.13153E+00  0.19257E+00  0.41779E+00
 115.261   -8.794   28.109  0.80035E-02  0.98940E-02  0.14650E-01  0.28511E-01  0.47075E-01
 115.280   -8.751   29.430  0.77957E-02  0.97502E-02  0.99292E-02  0.16127E-01  0.43849E-01
 115.286   -8.702   31.047  0.82017E-02  0.10039E-01  0.37236E-01  0.62943E-01  0.10244E+00
 115.295   -8.654   31.048  0.85501E-02  0.90708E-01  0.18433E+00  0.37071E+00  0.48682E+00
 115.336   -8.625   33.934  0.89416E-02  0.61142E+00  0.95368E+00  0.16429E+01  0.22303E+01
 115.374   -8.594   26.303  0.90928E-02  0.96312E+00  0.16538E+01  0.23025E+01  0.34705E+01
 115.422   -8.584   30.653  0.92355E-02  0.10672E+01  0.17658E+01  0.25831E+01  0.38470E+01
 115.465   -8.560   37.746  0.92180E-02  0.12304E+01  0.18731E+01  0.27734E+01  0.41220E+01
 115.512   -8.544   31.396  0.93766E-02  0.82455E+00  0.14160E+01  0.19270E+01  0.29078E+01
 115.546   -8.513   28.718  0.93925E-02  0.94580E+00  0.15510E+01  0.19525E+01  0.28832E+01
 115.589   -8.531   23.833  0.94640E-02  0.97640E+00  0.16132E+01  0.20052E+01  0.29914E+01
 115.620   -8.500   27.384  0.95033E-02  0.99586E+00  0.16555E+01  0.21825E+01  0.32587E+01
 115.652   -8.462   41.465  0.95708E-02  0.12127E+01  0.17741E+01  0.24330E+01  0.35304E+01
 115.692   -8.433   41.892  0.94661E-02  0.17444E+01  0.25415E+01  0.36495E+01  0.55486E+01
 115.714   -8.389   27.564  0.93267E-02  0.16847E+01  0.23305E+01  0.31799E+01  0.46863E+01
 115.689   -8.348   24.078  0.93252E-02  0.16097E+01  0.21635E+01  0.29817E+01  0.45087E+01
 115.646   -8.323   28.553  0.92706E-02  0.15930E+01  0.21733E+01  0.30109E+01  0.46060E+01
 115.609   -8.292   21.658  0.90677E-02  0.15111E+01  0.20119E+01  0.29251E+01  0.43936E+01
 115.578   -8.253   13.696  0.89979E-02  0.15900E+01  0.22430E+01  0.31665E+01  0.47638E+01
 115.540   -8.222   57.639  0.89013E-02  0.16258E+01  0.23202E+01  0.32768E+01  0.48547E+01
 115.501   -8.191   35.499  0.87150E-02  0.15745E+01  0.22782E+01  0.32718E+01  0.48878E+01
 115.458   -8.167   15.410  0.84271E-02  0.17779E+01  0.27483E+01  0.40145E+01  0.64367E+01
 115.413   -8.148   47.858  0.80594E-02  0.15911E+01  0.23382E+01  0.33809E+01  0.49995E+01
 115.367   -8.129   11.825  0.63142E-02  0.14948E+01  0.22025E+01  0.32529E+01  0.49425E+01
 115.322   -8.109   18.246  0.10000E-05  0.14274E+01  0.21205E+01  0.31756E+01  0.48970E+01
 115.275   -8.092   24.231  0.10000E-05  0.12512E+01  0.19657E+01  0.29947E+01  0.48063E+01
 115.230   -8.072   17.240  0.10000E-05  0.10483E+01  0.18626E+01  0.28908E+01  0.46613E+01
 115.184   -8.057   28.593  0.10000E-05  0.83210E+00  0.16493E+01  0.25933E+01  0.40258E+01
 115.135   -8.065   13.330  0.10000E-05  0.78365E+00  0.15893E+01  0.25062E+01  0.39480E+01
 115.093   -8.088   31.000  0.10000E-05  0.79577E+00  0.15839E+01  0.24984E+01  0.39699E+01
 115.054   -8.116   26.719  0.10000E-05  0.74549E+00  0.15337E+01  0.24347E+01  0.39075E+01
 115.017   -8.148   19.805  0.10000E-05  0.76271E+00  0.15733E+01  0.25177E+01  0.39974E+01
 114.971   -8.163   28.849  0.10000E-05  0.75507E+00  0.15529E+01  0.24535E+01  0.39127E+01
 114.927   -8.173   27.022  0.10000E-05  0.69750E+00  0.14530E+01  0.22875E+01  0.37585E+01
 114.879   -8.184   35.371  0.10000E-05  0.62719E+00  0.13247E+01  0.20884E+01  0.35930E+01
 114.831   -8.176   20.995  0.10000E-05  0.57229E+00  0.12295E+01  0.19817E+01  0.34550E+01
 114.791   -8.159   27.882  0.10000E-05  0.56436E+00  0.12207E+01  0.19750E+01  0.34184E+01
 114.748   -8.149   29.037  0.10000E-05  0.47985E+00  0.10302E+01  0.18768E+01  0.30891E+01
 114.701   -8.137   28.681  0.10000E-05  0.42685E+00  0.93405E+00  0.17881E+01  0.29195E+01
 114.656   -8.124   31.095  0.10000E-05  0.45627E+00  0.99820E+00  0.18657E+01  0.30770E+01
 114.610   -8.113   27.684  0.10000E-05  0.46450E+00  0.11842E+01  0.19965E+01  0.35377E+01
 114.561   -8.124   38.632  0.10000E-05  0.35183E+00  0.81053E+00  0.16772E+01  0.28228E+01
 114.523   -8.119   29.281  0.10000E-05  0.33067E+00  0.94212E+00  0.18419E+01  0.31080E+01
 114.511   -8.090   31.946  0.12619E-02  0.94063E-01  0.69602E+00  0.16603E+01  0.28698E+01
 114.461   -8.090   28.907  0.18136E-02  0.99161E-02  0.14409E+00  0.83872E+00  0.19433E+01
 114.422   -8.110   28.318  0.52113E-03  0.92196E-02  0.14485E-01  0.21934E+00  0.49198E+00
 114.428   -8.157   37.374  0.30439E-02  0.93289E-02  0.99048E-02  0.17455E+00  0.44805E+00
 114.428   -8.198   35.695  0.31554E-02  0.93297E-02  0.98954E-02  0.14062E+00  0.40526E+00
 114.443   -8.234   27.164  0.52686E-02  0.95006E-02  0.98884E-02  0.13621E+00  0.39824E+00
 114.454   -8.280   30.629  0.54126E-02  0.94925E-02  0.98663E-02  0.78498E-01  0.18738E+00
 114.487   -8.316   30.620  0.65628E-02  0.96049E-02  0.98836E-02  0.18155E-01  0.48227E-01
 114.507   -8.360   30.057  0.75953E-02  0.96502E-02  0.98385E-02  0.99469E-02  0.99999E-02
 114.538   -8.398   30.223  0.77839E-02  0.96803E-02  0.98540E-02  0.99541E-02  0.13959E-01
 114.578   -8.425   34.014  0.77878E-02  0.98100E-02  0.99952E-02  0.40236E-01  0.77263E-01
 114.625   -8.431   23.625  0.81399E-02  0.98414E-02  0.99972E-02  0.33866E-01  0.63692E-01
 114.671   -8.414   28.041  0.84153E-02  0.99709E-02  0.34919E-01  0.73353E-01  0.17011E+00
 114.721   -8.411   27.623  0.82545E-02  0.98322E-02  0.99768E-02  0.21639E-01  0.48632E-01
 114.767   -8.425   36.029  0.80667E-02  0.98666E-02  0.13716E-01  0.36381E-01  0.67677E-01
 114.811   -8.448   27.935  0.80852E-02  0.25168E-01  0.71012E-01  0.14649E+00  0.27601E+00
 114.860   -8.457   29.534  0.81818E-02  0.26367E-01  0.60900E-01  0.10819E+00  0.19071E+00
 114.902   -8.482   30.145  0.81389E-02  0.25684E-01  0.60694E-01  0.10869E+00  0.19065E+00
 114.939   -8.515   29.509  0.80705E-02  0.22092E-01  0.56312E-01  0.11194E+00  0.19553E+00
 114.974   -8.550   30.541  0.77952E-02  0.11239E-01  0.36426E-01  0.68322E-01  0.14310E+00
 115.013   -8.580   29.933  0.74164E-02  0.97968E-02  0.11309E-01  0.28926E-01  0.49418E-01
 115.039   -8.623   29.886  0.65319E-02  0.94964E-02  0.97680E-02  0.99243E-02  0.10336E-01
 115.064   -8.666   30.844  0.62302E-02  0.94706E-02  0.97675E-02  0.99384E-02  0.14919E-01
 115.097   -8.702   30.596  0.76074E-02  0.99290E-02  0.15437E-01  0.21317E-01  0.43714E-01
 115.110   -8.749   29.881  0.19766E+00  0.15689E+01  0.24392E+01  0.38011E+01  0.60941E+01
 115.087   -8.792   29.012  0.42088E+00  0.29656E+01  0.47632E+01  0.74719E+01  0.11896E+02
 115.064   -8.831   30.510  0.38978E+00  0.27601E+01  0.43550E+01  0.68402E+01  0.10860E+02
 115.101   -8.856   31.379  0.42500E+00  0.26420E+01  0.40211E+01  0.61660E+01  0.96906E+01
 115.150   -8.862   31.340  0.49790E+00  0.29427E+01  0.46456E+01  0.72502E+01  0.11475E+02
 115.198   -8.862   31.379  0.43525E+00  0.19167E+01  0.28398E+01  0.43460E+01  0.71812E+01
 115.593   -8.825   36.273  0.65085E-01  0.12895E+01  0.18973E+01  0.27947E+01  0.41325E+01
 115.620   -8.785   40.940  0.94754E-02  0.12887E+01  0.18965E+01  0.27940E+01  0.41339E+01
 115.621   -8.743   14.841  0.93370E-02  0.10567E+01  0.17574E+01  0.25637E+01  0.38205E+01
 115.587   -8.707   26.197  0.91498E-02  0.95938E+00  0.16523E+01  0.23103E+01  0.34971E+01
 115.556   -8.674   38.928  0.89891E-02  0.75192E+00  0.13110E+01  0.18669E+01  0.27782E+01
 115.507   -8.673   29.354  0.88357E-02  0.11413E+00  0.21159E+00  0.40585E+00  0.50822E+00
 115.461   -8.661   39.714  0.94917E-02  0.63323E-01  0.91450E-01  0.15867E+00  0.25894E+00
 115.417   -8.677   31.840  0.94911E-01  0.74716E+00  0.14351E+01  0.21213E+01  0.34417E+01
 115.444   -8.714   27.352  0.22536E+00  0.18188E+01  0.29029E+01  0.46592E+01  0.76428E+01
 115.449   -8.748   15.608  0.37881E+00  0.26079E+01  0.42449E+01  0.68057E+01  0.10899E+02
 115.488   -8.776   39.988  0.65501E+00  0.35635E+01  0.55971E+01  0.86635E+01  0.14004E+02
 115.526   -8.806   37.084  0.49790E+00  0.29427E+01  0.46456E+01  0.72502E+01  0.11475E+02
 115.573   -8.821   23.287  0.71087E+00  0.38852E+01  0.57394E+01  0.83555E+01  0.12714E+02
 115.593   -8.825   36.273  0.31534E+00  0.19191E+01  0.31310E+01  0.49497E+01  0.80321E+01
 116.380   -8.962   34.762  0.45967E+00  0.26787E+01  0.40666E+01  0.62295E+01  0.97134E+01
 116.413   -8.932   28.240  0.44558E+00  0.26539E+01  0.39439E+01  0.59106E+01  0.92347E+01
 116.461   -8.941   24.234  0.43252E+00  0.28592E+01  0.45590E+01  0.71581E+01  0.11407E+02
 116.501   -8.936   29.871  0.41256E+00  0.24253E+01  0.37521E+01  0.57555E+01  0.91568E+01
 116.544   -8.913   30.099  0.12398E-01  0.12766E+00  0.18404E+00  0.33922E+00  0.47317E+00
 116.577   -8.879   35.004  0.72065E-02  0.96110E-02  0.98313E-02  0.99582E-02  0.15306E-01
 116.576   -8.854   38.907  0.68288E-02  0.95301E-02  0.97776E-02  0.99201E-02  0.99898E-02
 116.547   -8.817   30.487  0.64052E-02  0.94611E-02  0.97411E-02  0.99023E-02  0.99811E-02
 116.552   -8.771   26.921  0.57413E-02  0.93763E-02  0.97094E-02  0.99011E-02  0.99949E-02
 116.584   -8.734   27.393  0.73860E-02  0.64365E-01  0.94476E-01  0.15922E+00  0.19816E+00
 116.616   -8.700   30.223  0.84736E-02  0.45226E+00  0.65919E+00  0.92192E+00  0.16756E+01
 116.637   -8.656   30.302  0.86474E-02  0.97038E+00  0.15995E+01  0.19882E+01  0.29554E+01
 116.667   -8.618   27.760  0.91488E-02  0.13606E+01  0.18841E+01  0.26962E+01  0.38607E+01
 116.674   -8.574   28.302  0.93300E-02  0.13079E+01  0.18396E+01  0.25910E+01  0.37236E+01
 116.687   -8.527   26.905  0.95221E-02  0.14734E+01  0.19508E+01  0.28128E+01  0.39882E+01
 116.716   -8.489   36.924  0.97302E-02  0.17069E+01  0.23647E+01  0.32552E+01  0.47709E+01
 116.751   -8.457   26.939  0.99023E-02  0.17281E+01  0.23939E+01  0.32927E+01  0.48019E+01
 116.771   -8.413   18.717  0.21933E-01  0.19436E+01  0.27574E+01  0.37658E+01  0.54232E+01
 116.759   -8.366   36.482  0.30000E-01  0.19513E+01  0.27851E+01  0.38256E+01  0.55877E+01
 116.734   -8.324   32.598  0.29939E-01  0.19269E+01  0.27746E+01  0.38403E+01  0.56537E+01
 116.702   -8.286   35.587  0.12832E-01  0.23739E+01  0.33488E+01  0.46940E+01  0.71155E+01
 116.663   -8.257   31.022  0.17055E-01  0.27846E+01  0.39499E+01  0.56671E+01  0.83992E+01
 116.654   -8.275   33.104  0.16946E-01  0.24758E+01  0.34907E+01  0.48525E+01  0.73916E+01
 116.605   -8.271   35.825  0.17200E-01  0.31258E+01  0.45973E+01  0.66944E+01  0.97576E+01
 116.558   -8.257   30.009  0.16942E-01  0.24584E+01  0.34794E+01  0.48501E+01  0.74048E+01
 116.508   -8.252   15.015  0.16428E-01  0.22575E+01  0.31548E+01  0.44674E+01  0.67132E+01
 116.464   -8.230   23.409  0.11208E-01  0.21715E+01  0.30150E+01  0.42930E+01  0.63411E+01
 116.416   -8.217   37.734  0.98441E-02  0.22304E+01  0.31826E+01  0.45468E+01  0.69219E+01
 116.367   -8.208   53.422  0.98512E-02  0.20174E+01  0.29184E+01  0.40885E+01  0.60156E+01
 116.317   -8.213   29.759  0.98457E-02  0.19123E+01  0.27857E+01  0.38892E+01  0.57882E+01
 116.276   -8.240   18.088  0.98080E-02  0.18506E+01  0.26570E+01  0.36888E+01  0.53793E+01
 116.234   -8.266   28.086  0.97228E-02  0.18060E+01  0.25674E+01  0.35444E+01  0.50413E+01
 116.199   -8.301   30.763  0.97367E-02  0.17264E+01  0.24118E+01  0.33168E+01  0.48216E+01
 116.162   -8.331   36.172  0.96689E-02  0.15727E+01  0.20385E+01  0.29060E+01  0.42398E+01
 116.114   -8.319   19.693  0.96544E-02  0.12328E+01  0.18041E+01  0.25426E+01  0.37118E+01
 116.065   -8.322   23.918  0.94521E-02  0.10506E+01  0.17036E+01  0.23398E+01  0.34719E+01
 116.022   -8.343   21.170  0.95229E-02  0.14029E+01  0.19108E+01  0.27470E+01  0.39270E+01
 116.046   -8.385   22.348  0.95338E-02  0.11839E+01  0.17684E+01  0.24483E+01  0.35710E+01
 116.035   -8.426   24.429  0.94602E-02  0.12927E+01  0.18843E+01  0.27542E+01  0.39863E+01
 116.028   -8.472   34.961  0.92611E-02  0.14291E+01  0.19952E+01  0.29437E+01  0.45069E+01
 116.030   -8.520   28.905  0.90661E-02  0.14219E+01  0.19576E+01  0.28537E+01  0.41757E+01
 116.044   -8.562   28.753  0.91705E-02  0.14221E+01  0.19563E+01  0.28533E+01  0.41849E+01
 116.040   -8.610   31.230  0.91668E-02  0.13580E+01  0.19161E+01  0.27924E+01  0.40238E+01
 116.006   -8.640   25.135  0.91890E-02  0.13242E+01  0.18962E+01  0.27628E+01  0.39831E+01
 115.959   -8.657   25.113  0.91512E-02  0.14329E+01  0.19944E+01  0.29434E+01  0.45140E+01
 115.912   -8.670   26.707  0.93192E-02  0.14332E+01  0.19831E+01  0.29160E+01  0.44224E+01
 115.870   -8.695   31.672  0.25407E+00  0.14607E+01  0.18825E+01  0.26030E+01  0.36895E+01
 115.833   -8.723   28.745  0.46372E+00  0.21425E+01  0.34232E+01  0.53042E+01  0.85329E+01
 115.816   -8.764   27.739  0.48904E+00  0.33802E+01  0.53709E+01  0.83154E+01  0.13454E+02
 115.825   -8.812   23.844  0.45224E+00  0.28492E+01  0.44503E+01  0.68676E+01  0.10712E+02
 115.867   -8.830   33.640  0.55653E+00  0.35699E+01  0.55626E+01  0.84154E+01  0.13365E+02
 115.912   -8.849   38.018  0.78687E+00  0.44668E+01  0.67031E+01  0.96089E+01  0.14661E+02
 115.953   -8.865   25.394  0.51311E+00  0.32459E+01  0.48973E+01  0.74570E+01  0.11574E+02
 115.988   -8.899   25.365  0.56777E+00  0.33276E+01  0.49624E+01  0.75355E+01  0.11669E+02
 116.031   -8.902   24.384  0.27268E+00  0.19233E+01  0.31589E+01  0.49828E+01  0.81239E+01
 116.074   -8.900   26.611  0.48110E+00  0.28923E+01  0.44969E+01  0.69008E+01  0.10655E+02
 116.116   -8.881   24.505  0.70889E+00  0.40514E+01  0.60996E+01  0.89409E+01  0.13902E+02
 116.155   -8.905   29.180  0.61977E+00  0.37906E+01  0.58282E+01  0.87802E+01  0.13904E+02
 116.183   -8.920   33.143  0.42922E+00  0.27471E+01  0.43362E+01  0.68657E+01  0.10963E+02
 116.228   -8.916   41.086  0.32915E+00  0.21556E+01  0.35376E+01  0.55377E+01  0.88911E+01
 116.272   -8.921   26.991  0.44997E+00  0.29290E+01  0.47381E+01  0.75168E+01  0.12047E+02
 116.320   -8.926   32.034  0.71087E+00  0.38852E+01  0.57394E+01  0.83555E+01  0.12714E+02
 116.360   -8.938   26.836  0.71087E+00  0.38852E+01  0.57394E+01  0.83555E+01  0.12714E+02 
 116.380   -8.962   34.762  0.42500E+00  0.26420E+01  0.40211E+01  0.61660E+01  0.96906E+01
