207.2351 56.0541 0 Alaska
206.7657 56.4066 1 Alaska
206.2876 56.7573 2 Alaska
205.8005 57.1061 3 Alaska
208.6777 56.5415 4 Alaska
208.3344 56.9406 5 Alaska
207.9838 57.3387 6 Alaska
207.6255 57.7359 7 Alaska
210.0674 56.9657 8 Alaska
209.6359 57.3420 9 Alaska
209.1954 57.7168 10 Alaska
208.7457 58.0901 11 Alaska
211.3065 57.4841 12 Alaska
210.7432 57.8103 13 Alaska
210.1696 58.1339 14 Alaska
209.5856 58.4549 15 Alaska
208.9909 58.7733 16 Alaska
212.3757 58.1198 17 Alaska
211.7002 58.3878 18 Alaska
211.0145 58.6523 19 Alaska
210.3184 58.9131 20 Alaska
209.6118 59.1700 21 Alaska
213.2757 58.8459 22 Alaska
212.5205 59.0631 23 Alaska
211.7557 59.2758 24 Alaska
210.9815 59.4840 25 Alaska
210.1977 59.6876 26 Alaska
209.4045 59.8865 27 Alaska
214.4120 59.6028 28 Alaska
213.7988 59.9247 29 Alaska
213.1736 60.2437 30 Alaska
212.5362 60.5598 31 Alaska
211.8863 60.8727 32 Alaska
211.2236 61.1824 33 Alaska
178.2648 50.8673 34 Aleutians
178.3861 51.2803 35 Aleutians
178.5095 51.6932 36 Aleutians
179.6383 50.7549 37 Aleutians
179.7054 51.1766 38 Aleutians
179.7737 51.5983 39 Aleutians
181.0299 50.7100 40 Aleutians
181.0462 51.1353 41 Aleutians
181.0628 51.5605 42 Aleutians
182.4286 50.7207 43 Aleutians
182.4103 51.1474 44 Aleutians
182.3915 51.5742 45 Aleutians
183.7421 50.8501 46 Aleutians
183.5654 51.2628 47 Aleutians
183.3856 51.6753 48 Aleutians
185.1737 51.0446 49 Aleutians
185.0745 51.4672 50 Aleutians
184.9734 51.8897 51 Aleutians
186.5804 51.1871 52 Aleutians
186.4739 51.6090 53 Aleutians
186.3654 52.0309 54 Aleutians
187.9694 51.3552 55 Aleutians
187.8273 51.7732 56 Aleutians
187.6825 52.1909 57 Aleutians
189.3315 51.5818 58 Aleutians
189.1301 51.9909 59 Aleutians
188.9249 52.3996 60 Aleutians
190.6560 51.8820 61 Aleutians
190.3912 52.2772 62 Aleutians
190.1216 52.6718 63 Aleutians
192.0224 52.2214 64 Aleutians
191.7740 52.6209 65 Aleutians
191.5210 53.0197 66 Aleutians
193.3702 52.5563 67 Aleutians
193.0985 52.9513 68 Aleutians
192.8219 53.3458 69 Aleutians
194.7393 52.9024 70 Aleutians
194.4741 53.3002 71 Aleutians
194.2040 53.6973 72 Aleutians
196.1167 53.2413 73 Aleutians
195.8494 53.6387 74 Aleutians
195.5770 54.0356 75 Aleutians
197.5439 53.5616 76 Aleutians
197.3140 53.9673 77 Aleutians
197.0795 54.3726 78 Aleutians
199.0146 53.8285 79 Aleutians
198.8310 54.2421 80 Aleutians
198.6437 54.6555 81 Aleutians
200.4748 54.0651 82 Aleutians
200.2845 54.4801 83 Aleutians
200.0903 54.8948 84 Aleutians
201.9115 54.3321 85 Aleutians
201.6681 54.7383 86 Aleutians
201.4197 55.1440 87 Aleutians
203.3352 54.6536 88 Aleutians
203.0516 55.0545 89 Aleutians
202.7624 55.4546 90 Aleutians
202.4672 55.8541 91 Aleutians
204.6504 55.0503 92 Aleutians
204.2451 55.4187 93 Aleutians
203.8321 55.7857 94 Aleutians
203.4113 56.1514 95 Aleutians
205.9544 55.5389 96 Aleutians
205.5242 55.9013 97 Aleutians
205.0859 56.2621 98 Aleutians
204.6392 56.6213 99 Aleutians
288.9352 -21.5210 100 Altiplano
289.3907 -21.5325 101 Altiplano
289.8462 -21.5428 102 Altiplano
288.8932 -20.5936 103 Altiplano
289.3424 -20.5454 104 Altiplano
289.7913 -20.4961 105 Altiplano
288.6512 -19.6735 106 Altiplano
289.0685 -19.5198 107 Altiplano
289.4851 -19.3650 108 Altiplano
288.1319 -18.8458 109 Altiplano
288.4751 -18.5675 110 Altiplano
288.8172 -18.2886 111 Altiplano
287.4616 -18.1782 112 Altiplano
287.7693 -17.8646 113 Altiplano
288.0759 -17.5506 114 Altiplano
286.7223 -17.5838 115 Altiplano
286.9934 -17.2406 116 Altiplano
287.2636 -16.8970 117 Altiplano
285.9908 -17.0272 118 Altiplano
286.2783 -16.6967 119 Altiplano
286.5649 -16.3658 120 Altiplano
285.2508 -16.4619 121 Altiplano
285.5200 -16.1236 122 Altiplano
285.7883 -15.7851 123 Altiplano
95.9810 1.7932 124 Andaman
96.2483 2.1337 125 Andaman
96.5157 2.4742 126 Andaman
96.7833 2.8146 127 Andaman
95.1782 2.2926 128 Andaman
95.3661 2.6865 129 Andaman
95.5541 3.0803 130 Andaman
95.7422 3.4741 131 Andaman
94.4636 2.7399 132 Andaman
94.7370 3.0831 133 Andaman
95.0105 3.4262 134 Andaman
95.2843 3.7693 135 Andaman
93.8413 3.3312 136 Andaman
94.1714 3.6209 137 Andaman
94.5017 3.9104 138 Andaman
94.8323 4.1998 139 Andaman
93.3511 4.0228 140 Andaman
93.7343 4.2359 141 Andaman
94.1178 4.4487 142 Andaman
94.5016 4.6613 143 Andaman
92.9926 4.8093 144 Andaman
93.4042 4.9543 145 Andaman
93.8159 5.0990 146 Andaman
94.2278 5.2434 147 Andaman
92.7571 5.6440 148 Andaman
93.1839 5.7329 149 Andaman
93.6108 5.8214 150 Andaman
94.0378 5.9097 151 Andaman
92.5785 6.5260 152 Andaman
93.0044 6.6057 153 Andaman
93.4304 6.6851 154 Andaman
92.2766 7.4287 155 Andaman
92.6645 7.6147 156 Andaman
93.0528 7.8002 157 Andaman
91.9825 8.2317 158 Andaman
92.4024 8.3357 159 Andaman
92.8226 8.4392 160 Andaman
91.8191 9.0913 161 Andaman
92.2508 9.1452 162 Andaman
92.6826 9.1987 163 Andaman
91.7761 9.9534 164 Andaman
92.2106 9.9405 165 Andaman
92.6450 9.9269 166 Andaman
91.7986 10.8552 167 Andaman
92.2316 10.8454 168 Andaman
92.6646 10.8349 169 Andaman
91.8572 11.7348 170 Andaman
92.2885 11.6885 171 Andaman
92.7197 11.6416 172 Andaman
91.9966 12.6046 173 Andaman
92.4241 12.5194 174 Andaman
92.8513 12.4334 175 Andaman
92.4185 14.0113 176 Arakan
92.7946 13.7862 177 Arakan
93.1699 13.5605 178 Arakan
92.9122 14.7676 179 Arakan
93.2780 14.5354 180 Arakan
93.6430 14.3026 181 Arakan
93.3659 15.5944 182 Arakan
93.7716 15.4321 183 Arakan
94.1767 15.2691 184 Arakan
93.6683 16.4765 185 Arakan
94.0865 16.3726 186 Arakan
94.5042 16.2679 187 Arakan
93.7663 17.4267 188 Arakan
94.2002 17.4498 189 Arakan
94.6343 17.4719 190 Arakan
93.5850 18.3573 191 Arakan
94.0054 18.4861 192 Arakan
94.4264 18.6139 193 Arakan
93.1019 19.2031 194 Arakan
93.4496 19.4665 195 Arakan
93.7985 19.7293 196 Arakan
92.4794 19.8987 197 Arakan
92.8170 20.1773 198 Arakan
93.1558 20.4553 199 Arakan
91.8355 20.5713 200 Arakan
92.1704 20.8567 201 Arakan
92.5067 21.1414 202 Arakan
91.2676 21.2472 203 Arakan
91.6477 21.4840 204 Arakan
92.0290 21.7200 205 Arakan
90.8992 21.9919 206 Arakan
91.3433 22.1052 207 Arakan
91.7881 22.2172 208 Arakan
90.7741 22.8206 209 Arakan
91.2364 22.8223 210 Arakan
91.6988 22.8227 211 Arakan
235.3590 40.8091 212 Cascadia
235.9211 40.9405 213 Cascadia
236.4855 41.0691 214 Cascadia
235.0815 41.6545 215 Cascadia
235.6683 41.7316 216 Cascadia
236.2565 41.8057 217 Cascadia
234.9964 42.5019 218 Cascadia
235.5994 42.4871 219 Cascadia
236.2022 42.4691 220 Cascadia
234.9284 43.4350 221 Cascadia
235.5361 43.4935 222 Cascadia
236.1449 43.5487 223 Cascadia
234.8630 44.2946 224 Cascadia
235.4842 44.2811 225 Cascadia
236.1051 44.2643 226 Cascadia
234.8178 45.1946 227 Cascadia
235.4468 45.2346 228 Cascadia
236.0766 45.2711 229 Cascadia
234.6181 46.1072 230 Cascadia
235.2471 46.1970 231 Cascadia
235.8781 46.2834 232 Cascadia
234.3495 46.9868 233 Cascadia
234.9893 47.0749 234 Cascadia
235.6312 47.1594 235 Cascadia
233.9217 47.8832 236 Cascadia
234.5305 48.0615 237 Cascadia
235.1436 48.2365 238 Cascadia
233.1300 48.6843 239 Cascadia
233.6314 48.9827 240 Cascadia
234.1388 49.2788 241 Cascadia
232.5388 49.3594 242 Cascadia
233.1943 49.4865 243 Cascadia
233.8531 49.6099 244 Cascadia
231.8249 50.2118 245 Cascadia
232.3646 50.4935 246 Cascadia
232.9107 50.7727 247 Cascadia
230.8398 50.8856 248 Cascadia
231.3369 51.2022 249 Cascadia
231.8409 51.5167 250 Cascadia
278.6381 -2.8086 251 Columbia
279.0554 -2.8347 252 Columbia
278.6853 -1.9019 253 Columbia
279.1028 -1.9190 254 Columbia
278.8032 -1.0575 255 Columbia
279.2094 -1.1549 256 Columbia
279.0654 -0.2244 257 Columbia
279.4540 -0.3773 258 Columbia
279.4233 0.5782 259 Columbia
279.7968 0.3913 260 Columbia
279.8677 1.3206 261 Columbia
280.2090 1.0798 262 Columbia
280.4169 2.0037 263 Columbia
280.7255 1.7221 264 Columbia
281.0172 2.6848 265 Columbia
281.3358 2.4144 266 Columbia
281.5584 3.4528 267 Columbia
281.9211 3.2447 268 Columbia
281.9507 4.2986 269 Columbia
282.3447 4.1571 270 Columbia
282.1876 5.2047 271 Columbia
282.6013 5.1365 272 Columbia
282.0862 6.1806 273 Columbia
282.4778 6.3318 274 Columbia
281.6779 6.9954 275 Columbia
282.0373 7.2127 276 Columbia
138.5518 -1.1861 277 ENewGuinea
138.3154 -1.5190 278 ENewGuinea
139.3900 -1.6303 279 ENewGuinea
139.2472 -2.0128 280 ENewGuinea
140.2511 -1.9297 281 ENewGuinea
140.1254 -2.3182 282 ENewGuinea
141.0586 -2.2512 283 ENewGuinea
140.8825 -2.6196 284 ENewGuinea
124.7298 -7.8688 285 Flores
124.8430 -8.2770 286 Flores
125.5972 -7.6671 287 Flores
125.6785 -8.0826 288 Flores
126.4885 -7.4865 289 Flores
126.5775 -7.9005 290 Flores
127.3744 -7.3110 291 Flores
127.4519 -7.7273 292 Flores
128.2825 -7.0279 293 Flores
128.4583 -7.4136 294 Flores
129.6026 -6.6730 295 Flores
129.4722 -7.0760 296 Flores
284.3319 -46.1029 297 Fuego
284.9680 -46.0857 298 Fuego
285.6036 -46.0650 299 Fuego
284.1898 -47.0508 300 Fuego
284.8199 -47.1549 301 Fuego
285.4526 -47.2556 302 Fuego
283.7529 -47.9360 303 Fuego
284.3599 -48.1091 304 Fuego
284.9710 -48.2791 305 Fuego
283.4140 -48.7396 306 Fuego
284.0772 -48.8013 307 Fuego
284.7419 -48.8592 308 Fuego
283.3617 -49.5855 309 Fuego
284.0407 -49.5554 310 Fuego
284.7189 -49.5214 311 Fuego
283.5148 -50.4567 312 Fuego
284.1978 -50.3828 313 Fuego
284.8787 -50.3049 314 Fuego
283.7262 -51.3580 315 Fuego
284.4260 -51.2974 316 Fuego
285.1238 -51.2326 317 Fuego
283.9153 -52.2565 318 Fuego
284.6295 -52.1978 319 Fuego
285.3418 -52.1349 320 Fuego
284.2123 -53.1017 321 Fuego
284.9135 -52.9711 322 Fuego
285.6104 -52.8364 323 Fuego
284.7846 -53.8673 324 Fuego
285.4188 -53.6344 325 Fuego
286.0459 -53.3982 326 Fuego
285.6671 -54.5483 327 Fuego
286.2149 -54.2432 328 Fuego
286.7547 -53.9355 329 Fuego
286.7451 -55.1968 330 Fuego
287.2892 -54.8843 331 Fuego
287.8248 -54.5694 332 Fuego
287.9021 -55.7623 333 Fuego
288.3522 -55.4016 334 Fuego
288.7942 -55.0393 335 Fuego
289.2281 -56.2387 336 Fuego
289.6081 -55.8516 337 Fuego
289.9806 -55.4634 338 Fuego
290.6542 -56.6002 339 Fuego
290.9134 -56.1827 340 Fuego
291.1670 -55.7647 341 Fuego
292.2106 -57.0042 342 Fuego
292.6176 -56.6232 343 Fuego
293.0166 -56.2408 344 Fuego
293.6477 -57.3918 345 Fuego
293.9400 -56.9798 346 Fuego
294.2259 -56.5671 347 Fuego
126.7681 1.8784 348 Halmahera
127.0504 1.6945 349 Halmahera
126.3938 1.1121 350 Halmahera
126.7129 1.0024 351 Halmahera
126.1850 0.2742 352 Halmahera
144.0742 40.4382 353 Honshu
143.5087 40.5073 354 Honshu
142.9420 40.5736 355 Honshu
142.3742 40.6371 356 Honshu
141.8054 40.6978 357 Honshu
143.9373 39.5256 358 Honshu
143.3832 39.5569 359 Honshu
142.8287 39.5855 360 Honshu
142.2737 39.6115 361 Honshu
143.7816 38.6639 362 Honshu
143.2458 38.7500 363 Honshu
142.7086 38.8336 364 Honshu
142.1703 38.9147 365 Honshu
143.5265 37.7966 366 Honshu
143.0024 37.9016 367 Honshu
142.4769 38.0042 368 Honshu
141.9499 38.1046 369 Honshu
143.1536 37.0012 370 Honshu
142.6770 37.1921 371 Honshu
142.1980 37.3811 372 Honshu
141.7166 37.5682 373 Honshu
142.6002 36.2578 374 Honshu
142.1710 36.5023 375 Honshu
141.7391 36.7452 376 Honshu
141.3045 36.9866 377 Honshu
142.0312 35.4438 378 Honshu
141.5638 35.6150 379 Honshu
141.0945 35.7843 380 Honshu
143.2243 24.4188 381 Izu
142.8741 24.1796 382 Izu
142.8825 25.3505 383 Izu
142.4282 25.3539 384 Izu
142.9557 26.2723 385 Izu
142.4956 26.3297 386 Izu
142.0350 26.3856 387 Izu
143.0062 27.1302 388 Izu
142.5372 27.1154 389 Izu
142.0684 27.0990 390 Izu
142.8914 27.9844 391 Izu
142.4320 27.8980 392 Izu
141.9734 27.8101 393 Izu
142.6098 28.8043 394 Izu
142.1825 28.6482 395 Izu
142.3152 29.7084 396 Izu
141.8694 29.6386 397 Izu
142.0993 30.5709 398 Izu
141.6614 30.4714 399 Izu
141.9181 31.4917 400 Izu
141.4661 31.4587 401 Izu
141.8257 32.3837 402 Izu
141.3737 32.3458 403 Izu
141.6959 33.2719 404 Izu
141.2261 33.2178 405 Izu
104.7800 -8.1488 406 Java
105.0390 -7.7979 407 Java
105.2977 -7.4469 408 Java
105.5559 -7.0957 409 Java
105.8137 -6.7443 410 Java
105.5234 -8.6348 411 Java
105.7474 -8.2604 412 Java
105.9711 -7.8858 413 Java
106.1943 -7.5111 414 Java
106.4172 -7.1364 415 Java
106.3095 -9.0990 416 Java
106.5371 -8.7251 417 Java
106.7642 -8.3510 418 Java
106.9909 -7.9769 419 Java
107.2172 -7.6026 420 Java
107.0960 -9.5136 421 Java
107.2839 -9.1179 422 Java
107.4714 -8.7220 423 Java
107.6585 -8.3260 424 Java
107.8452 -7.9299 425 Java
107.9144 -9.8228 426 Java
108.0405 -9.4048 427 Java
108.1663 -8.9868 428 Java
108.2918 -8.5687 429 Java
108.4170 -8.1505 430 Java
108.7839 -10.0372 431 Java
108.8692 -9.6122 432 Java
108.9544 -9.1872 433 Java
109.0393 -8.7622 434 Java
109.6686 -10.1707 435 Java
109.7141 -9.7414 436 Java
109.7595 -9.3120 437 Java
109.8048 -8.8827 438 Java
110.5683 -10.2413 439 Java
110.5891 -9.8136 440 Java
110.6098 -9.3859 441 Java
110.6305 -8.9582 442 Java
111.5007 -10.3413 443 Java
111.5698 -9.9235 444 Java
111.6387 -9.5057 445 Java
111.7074 -9.0879 446 Java
112.4130 -10.5058 447 Java
112.4982 -10.0900 448 Java
112.5831 -9.6743 449 Java
112.6678 -9.2585 450 Java
113.3093 -10.6708 451 Java
113.3835 -10.2499 452 Java
113.4575 -9.8290 453 Java
113.5313 -9.4080 454 Java
162.6168 56.9168 455 Kamchatka
161.9422 57.0949 456 Kamchatka
163.3526 57.7262 457 Kamchatka
162.6665 57.9083 458 Kamchatka
164.1215 58.5311 459 Kamchatka
163.4237 58.7173 460 Kamchatka
165.3175 59.2708 461 Kamchatka
164.8353 59.5971 462 Kamchatka
166.7668 59.7995 463 Kamchatka
166.3140 60.1391 464 Kamchatka
168.2031 60.3170 465 Kamchatka
167.7039 60.6428 466 Kamchatka
169.2629 60.9163 467 Kamchatka
168.5295 61.1173 468 Kamchatka
175.9761 -41.7059 469 Kermadec
175.7811 -41.2918 470 Kermadec
175.5885 -40.8774 471 Kermadec
175.3984 -40.4627 472 Kermadec
177.0774 -41.3804 473 Kermadec
176.8376 -40.9817 474 Kermadec
176.6007 -40.5826 475 Kermadec
176.3666 -40.1829 476 Kermadec
177.8384 -40.8989 477 Kermadec
177.3611 -40.6588 478 Kermadec
176.8873 -40.4168 479 Kermadec
176.4169 -40.1728 480 Kermadec
178.3965 -40.1420 481 Kermadec
177.8853 -39.9620 482 Kermadec
177.3768 -39.7797 483 Kermadec
178.7829 -39.3300 484 Kermadec
178.2521 -39.2179 485 Kermadec
177.7230 -39.1035 486 Kermadec
179.1497 -38.4564 487 Kermadec
178.6461 -38.3060 488 Kermadec
178.1446 -38.1535 489 Kermadec
179.5267 -37.6142 490 Kermadec
179.0195 -37.4828 491 Kermadec
178.5142 -37.3492 492 Kermadec
179.9651 -36.7511 493 Kermadec
179.4926 -36.5670 494 Kermadec
179.0223 -36.3811 495 Kermadec
180.4485 -35.9378 496 Kermadec
179.9804 -35.7598 497 Kermadec
179.5144 -35.5800 498 Kermadec
180.9472 -35.1215 499 Kermadec
180.4971 -34.9296 500 Kermadec
180.0490 -34.7361 501 Kermadec
181.3596 -34.3231 502 Kermadec
180.8850 -34.1926 503 Kermadec
180.4119 -34.0603 504 Kermadec
181.7651 -33.4662 505 Kermadec
181.3212 -33.3007 506 Kermadec
182.0406 -32.6653 507 Kermadec
181.5665 -32.6096 508 Kermadec
182.4092 -31.7555 509 Kermadec
181.9951 -31.5496 510 Kermadec
182.8894 -30.9752 511 Kermadec
182.4632 -30.8065 512 Kermadec
183.2917 -30.1558 513 Kermadec
182.8577 -30.0112 514 Kermadec
183.6013 -29.3189 515 Kermadec
183.1564 -29.2183 516 Kermadec
183.8334 -28.4484 517 Kermadec
183.3872 -28.3661 518 Kermadec
184.1120 -27.5577 519 Kermadec
183.6830 -27.4248 520 Kermadec
184.3098 -26.7318 521 Kermadec
183.8569 -26.6955 522 Kermadec
184.4194 -25.8275 523 Kermadec
183.9726 -25.7754 524 Kermadec
184.5258 -24.9390 525 Kermadec
184.0826 -24.9040 526 Kermadec
144.6814 41.3106 527 Kurils
144.2953 41.5995 528 Kurils
143.9058 41.8871 529 Kurils
145.5707 41.9327 530 Kurils
145.2141 42.2335 531 Kurils
144.8542 42.5332 532 Kurils
146.5393 42.5023 533 Kurils
146.2292 42.8174 534 Kurils
147.5385 43.0267 535 Kurils
147.2369 43.3375 536 Kurils
148.5377 43.5519 537 Kurils
148.2285 43.8612 538 Kurils
149.5816 44.0614 539 Kurils
149.3040 44.3743 540 Kurils
150.6288 44.5477 541 Kurils
150.3476 44.8491 542 Kurils
151.6366 45.0710 543 Kurils
151.3126 45.3689 544 Kurils
152.6237 45.6291 545 Kurils
152.2770 45.9249 546 Kurils
153.5265 46.2273 547 Kurils
153.1142 46.4912 548 Kurils
154.3534 46.9015 549 Kurils
153.8988 47.1447 550 Kurils
155.1964 47.6033 551 Kurils
154.7481 47.8638 552 Kurils
154.2953 48.1226 553 Kurils
156.0888 48.2832 554 Kurils
155.6415 48.5538 555 Kurils
155.1895 48.8227 556 Kurils
156.9633 48.9577 557 Kurils
156.4799 49.2221 558 Kurils
155.9912 49.4844 559 Kurils
157.8865 49.6431 560 Kurils
157.4180 49.9272 561 Kurils
156.9440 50.2094 562 Kurils
158.8102 50.3069 563 Kurils
158.3129 50.5840 564 Kurils
157.8098 50.8590 565 Kurils
159.6456 50.9943 566 Kurils
159.0953 51.2279 567 Kurils
158.5394 51.4589 568 Kurils
160.3033 51.7424 569 Kurils
159.6905 51.9049 570 Kurils
159.0733 52.0642 571 Kurils
161.1097 52.5567 572 Kurils
160.5757 52.8291 573 Kurils
160.0350 53.0991 574 Kurils
161.9976 53.2506 575 Kurils
161.4243 53.4924 576 Kurils
160.8445 53.7313 577 Kurils
162.6665 53.9894 578 Kurils
162.0096 54.1368 579 Kurils
161.3480 54.2806 580 Kurils
163.3465 54.8198 581 Kurils
162.7752 54.9899 582 Kurils
64.5235 24.5848 583 Makran
64.5025 25.0305 584 Makran
64.4814 25.4762 585 Makran
63.5336 24.5361 586 Makran
63.5049 24.9814 587 Makran
63.4760 25.4267 588 Makran
62.5226 24.4259 589 Makran
62.4376 24.8652 590 Makran
62.3520 25.3045 591 Makran
61.5941 24.3631 592 Makran
61.6102 24.8089 593 Makran
61.6264 25.2547 594 Makran
60.6320 24.4281 595 Makran
60.6921 24.8708 596 Makran
60.7527 25.3135 597 Makran
59.6419 24.5223 598 Makran
59.6875 24.9664 599 Makran
59.7334 25.4106 600 Makran
58.6525 24.6008 601 Makran
58.6959 25.0451 602 Makran
58.7396 25.4894 603 Makran
120.5830 21.1582 604 Manila
120.9963 21.0961 605 Manila
120.5590 20.3119 606 Manila
121.0009 20.3432 607 Manila
121.4430 20.3733 608 Manila
120.3222 19.3521 609 Manila
120.6993 19.1444 610 Manila
119.8124 18.5744 611 Manila
120.1792 18.3424 612 Manila
120.5451 18.1097 613 Manila
119.4841 17.8341 614 Manila
119.9039 17.7547 615 Manila
134.5794 0.0794 616 Manokwari
134.7142 -0.3060 617 Manokwari
133.7104 -0.1967 618 Manokwari
133.8227 -0.5892 619 Manokwari
132.7402 -0.2423 620 Manokwari
132.6654 -0.6436 621 Manokwari
131.8577 -0.0794 622 Manokwari
131.7844 -0.4810 623 Manokwari
130.9627 0.1347 624 Manokwari
130.8463 -0.2566 625 Manokwari
130.0926 0.4389 626 Manokwari
129.9399 0.0603 627 Manokwari
139.3054 11.2138 628 Mariana
139.3984 11.6009 629 Mariana
140.1760 11.0967 630 Mariana
140.1946 11.4947 631 Mariana
141.0380 11.1531 632 Mariana
140.9660 11.5434 633 Mariana
141.9010 11.3664 634 Mariana
141.7760 11.7351 635 Mariana
142.8003 11.6137 636 Mariana
142.7107 11.9833 637 Mariana
143.6621 11.8419 638 Mariana
143.5496 12.2056 639 Mariana
144.4877 12.1586 640 Mariana
144.3188 12.4911 641 Mariana
145.2633 12.5987 642 Mariana
145.0506 12.9129 643 Mariana
146.0228 13.1012 644 Mariana
145.8018 13.4128 645 Mariana
146.6197 13.6827 646 Mariana
146.2920 13.9097 647 Mariana
147.0304 14.4270 648 Mariana
146.6447 14.5742 649 Mariana
147.3339 15.2661 650 Mariana
146.9289 15.3896 651 Mariana
147.5175 16.1076 652 Mariana
147.0868 16.1556 653 Mariana
146.6560 16.2027 654 Mariana
147.5996 16.9944 655 Mariana
147.1637 17.0201 656 Mariana
146.7277 17.0447 657 Mariana
147.6132 17.8727 658 Mariana
147.1769 17.8575 659 Mariana
146.7406 17.8413 660 Mariana
147.4998 18.7276 661 Mariana
147.0767 18.6372 662 Mariana
147.2551 19.5780 663 Mariana
146.8442 19.4511 664 Mariana
146.9421 20.4222 665 Mariana
146.5358 20.2793 666 Mariana
146.5688 21.2282 667 Mariana
146.1777 21.0465 668 Mariana
146.0500 21.8884 669 Mariana
145.7528 21.5966 670 Mariana
145.3290 22.4685 671 Mariana
145.0599 22.1524 672 Mariana
144.5723 23.0600 673 Mariana
144.2776 22.7596 674 Mariana
143.8631 23.7100 675 Mariana
143.5398 23.4366 676 Mariana
253.5387 21.5038 677 MidAmerica
253.9230 21.7012 678 MidAmerica
253.8460 20.5816 679 MidAmerica
254.2827 20.6193 680 MidAmerica
254.0828 19.8078 681 MidAmerica
254.4498 19.9906 682 MidAmerica
254.6208 19.1648 683 MidAmerica
254.9116 19.4625 684 MidAmerica
255.3431 18.6283 685 MidAmerica
255.5908 18.9691 686 MidAmerica
255.8396 19.3096 687 MidAmerica
256.1368 18.1840 688 MidAmerica
256.3393 18.5568 689 MidAmerica
256.5427 18.9293 690 MidAmerica
256.9822 17.7813 691 MidAmerica
257.1783 18.1582 692 MidAmerica
257.3752 18.5348 693 MidAmerica
257.8318 17.4248 694 MidAmerica
257.9946 17.8168 695 MidAmerica
258.1581 18.2087 696 MidAmerica
258.7115 17.0625 697 MidAmerica
258.9017 17.4445 698 MidAmerica
259.0928 17.8263 699 MidAmerica
259.5596 16.7260 700 MidAmerica
259.7131 17.1266 701 MidAmerica
259.8673 17.5271 702 MidAmerica
260.4426 16.3925 703 MidAmerica
260.6200 16.7866 704 MidAmerica
260.7980 17.1805 705 MidAmerica
261.3016 16.0578 706 MidAmerica
261.4638 16.4589 707 MidAmerica
261.6267 16.8599 708 MidAmerica
262.1703 15.7690 709 MidAmerica
262.3022 16.1794 710 MidAmerica
262.4346 16.5898 711 MidAmerica
263.0341 15.6103 712 MidAmerica
263.0703 16.0377 713 MidAmerica
263.1066 16.4652 714 MidAmerica
263.9859 15.4733 715 MidAmerica
264.0817 15.8901 716 MidAmerica
264.1778 16.3069 717 MidAmerica
264.9013 15.0935 718 MidAmerica
265.1405 15.4395 719 MidAmerica
265.3805 15.7852 720 MidAmerica
265.6777 14.6147 721 MidAmerica
265.8936 14.9624 722 MidAmerica
266.4753 14.1669 723 MidAmerica
266.6751 14.5156 724 MidAmerica
267.2844 13.7291 725 MidAmerica
267.4819 14.0729 726 MidAmerica
268.0960 13.3407 727 MidAmerica
268.2553 13.6996 728 MidAmerica
268.9472 12.9539 729 MidAmerica
269.1325 13.3054 730 MidAmerica
269.7620 12.6695 731 MidAmerica
269.8536 13.0604 732 MidAmerica
270.6739 12.3863 733 MidAmerica
270.8350 12.7593 734 MidAmerica
271.5219 11.9874 735 MidAmerica
271.7197 12.3415 736 MidAmerica
272.3187 11.4917 737 MidAmerica
272.5623 11.8158 738 MidAmerica
273.0264 10.8659 739 MidAmerica
273.3306 11.1357 740 MidAmerica
273.6345 10.1835 741 MidAmerica
273.9493 10.4438 742 MidAmerica
274.2583 9.5904 743 MidAmerica
274.5130 9.9089 744 MidAmerica
274.9928 9.1490 745 MidAmerica
275.1711 9.5235 746 MidAmerica
275.3498 9.8978 747 MidAmerica
275.8094 8.6814 748 MidAmerica
276.0513 9.0198 749 MidAmerica
276.2937 9.3581 750 MidAmerica
276.5571 8.1790 751 MidAmerica
276.7869 8.5254 752 MidAmerica
277.0172 8.8716 753 MidAmerica
124.8892 14.2129 754 NPhillip
124.5194 14.0583 755 NPhillip
125.2554 13.3898 756 NPhillip
124.9095 13.2551 757 NPhillip
125.7068 12.5638 758 NPhillip
125.4038 12.3633 759 NPhillip
125.9923 11.8227 760 NPhillip
125.6325 11.7783 761 NPhillip
126.2189 10.9267 762 NPhillip
126.4592 10.0470 763 NPhillip
126.7530 9.1939 764 NPhillip
127.0023 8.3446 765 NPhillip
127.0906 7.4799 766 NPhillip
127.1540 6.5624 767 NPhillip
122.9471 1.9955 768 NSulawesi
122.8187 1.6569 769 NSulawesi
122.1450 2.1826 770 NSulawesi
122.1492 1.9122 771 NSulawesi
121.2440 2.1473 772 NSulawesi
121.2459 1.8249 773 NSulawesi
120.3944 2.0208 774 NSulawesi
120.4780 1.6463 775 NSulawesi
119.7442 1.6475 776 NSulawesi
120.0246 1.3873 777 NSulawesi
132.8807 31.1802 778 Nankai
132.4708 31.4370 779 Nankai
133.6536 31.8687 780 Nankai
133.3318 32.2139 781 Nankai
133.0077 32.5583 782 Nankai
134.5826 32.3765 783 Nankai
134.3454 32.7668 784 Nankai
134.1060 33.1566 785 Nankai
135.5658 32.7655 786 Nankai
135.3635 33.1725 787 Nankai
135.1593 33.5791 788 Nankai
136.5295 33.1292 789 Nankai
136.3035 33.5306 790 Nankai
136.0754 33.9316 791 Nankai
137.3800 33.5764 792 Nankai
137.0456 33.9220 793 Nankai
136.7085 34.2668 794 Nankai
137.9883 34.1873 795 Nankai
137.5150 34.3967 796 Nankai
137.0393 34.6043 797 Nankai
148.9120 -7.0157 798 NewBritain
148.7350 -6.6372 799 NewBritain
148.5583 -6.2586 800 NewBritain
149.8143 -6.7193 801 NewBritain
149.7267 -6.3177 802 NewBritain
150.6318 -6.4533 803 NewBritain
150.4628 -6.0827 804 NewBritain
151.3848 -6.0296 805 NewBritain
151.1540 -5.7058 806 NewBritain
165.0045 -11.1308 807 NewHebrides
165.1658 -10.8104 808 NewHebrides
165.6975 -11.8149 809 NewHebrides
166.0337 -12.6884 810 NewHebrides
166.3881 -14.2048 811 NewHebrides
166.7395 -14.1610 812 NewHebrides
166.4360 -15.1191 813 NewHebrides
166.8117 -15.1366 814 NewHebrides
166.5683 -15.9189 815 NewHebrides
166.9309 -15.7894 816 NewHebrides
166.9560 -16.6979 817 NewHebrides
167.2886 -16.5068 818 NewHebrides
167.3712 -17.5359 819 NewHebrides
167.7351 -17.4093 820 NewHebrides
167.6669 -18.4023 821 NewHebrides
168.0443 -18.3001 822 NewHebrides
167.9787 -19.2265 823 NewHebrides
168.3497 -19.0767 824 NewHebrides
168.3825 -20.0269 825 NewHebrides
168.7441 -19.8481 826 NewHebrides
168.8407 -20.8100 827 NewHebrides
169.1943 -20.6181 828 NewHebrides
169.3519 -21.5516 829 NewHebrides
169.6839 -21.3291 830 NewHebrides
169.9646 -22.1892 831 NewHebrides
170.2340 -21.9080 832 NewHebrides
170.7214 -22.6498 833 NewHebrides
170.8918 -22.3078 834 NewHebrides
171.5969 -22.9061 835 NewHebrides
171.6677 -22.5362 836 NewHebrides
283.9290 -15.2617 837 Peru
284.2494 -14.9776 838 Peru
284.5690 -14.6931 839 Peru
283.2990 -14.5981 840 Peru
283.6188 -14.3099 841 Peru
283.9378 -14.0213 842 Peru
282.6718 -13.9355 843 Peru
282.9945 -13.6486 844 Peru
283.3164 -13.3612 845 Peru
283.6374 -13.0734 846 Peru
282.0756 -13.2611 847 Peru
282.4149 -12.9919 848 Peru
282.7534 -12.7223 849 Peru
283.0912 -12.4523 850 Peru
281.5461 -12.5526 851 Peru
281.9120 -12.3181 852 Peru
282.2772 -12.0830 853 Peru
282.6418 -11.8475 854 Peru
281.0293 -11.8030 855 Peru
281.3870 -11.5595 856 Peru
281.7441 -11.3155 857 Peru
282.1006 -11.0710 858 Peru
280.5384 -11.0581 859 Peru
280.9096 -10.8393 860 Peru
281.2803 -10.6200 861 Peru
281.6505 -10.4002 862 Peru
280.0832 -10.2819 863 Peru
280.4608 -10.0750 864 Peru
280.8380 -9.8678 865 Peru
281.2147 -9.6601 866 Peru
279.6228 -9.4935 867 Peru
279.9941 -9.2733 868 Peru
280.3650 -9.0527 869 Peru
280.7353 -8.8318 870 Peru
279.2125 -8.7198 871 Peru
279.6069 -8.5423 872 Peru
280.0009 -8.3644 873 Peru
280.3946 -8.1862 874 Peru
278.8743 -7.9036 875 Peru
279.2803 -7.7549 876 Peru
279.6861 -7.6059 877 Peru
280.0917 -7.4565 878 Peru
278.5791 -7.0622 879 Peru
278.9898 -6.9282 880 Peru
279.4003 -6.7939 881 Peru
279.8106 -6.6592 882 Peru
278.3431 -6.2141 883 Peru
278.7622 -6.1207 884 Peru
279.1810 -6.0270 885 Peru
279.5998 -5.9330 886 Peru
278.2305 -5.3635 887 Peru
278.6594 -5.3450 888 Peru
279.0883 -5.3261 889 Peru
279.5171 -5.3069 890 Peru
278.2338 -4.4831 891 Peru
278.6633 -4.5041 892 Peru
279.0927 -4.5249 893 Peru
279.5222 -4.5454 894 Peru
286.7614 -34.7400 895 Puna
287.2196 -34.9371 896 Puna
287.6800 -35.1324 897 Puna
287.2037 -33.8811 898 Puna
287.6877 -34.0151 899 Puna
288.1732 -34.1472 900 Puna
287.4142 -32.9467 901 Puna
287.9204 -32.9657 902 Puna
288.4267 -32.9826 903 Puna
287.5010 -32.0662 904 Puna
288.0000 -32.1157 905 Puna
288.4996 -32.1633 906 Puna
287.5973 -31.1585 907 Puna
288.0880 -31.1858 908 Puna
288.5791 -31.2114 909 Puna
287.6487 -30.2507 910 Puna
288.1302 -30.2647 911 Puna
288.6119 -30.2768 912 Puna
287.7359 -29.3724 913 Puna
288.2106 -29.4282 914 Puna
288.6859 -29.4822 915 Puna
287.9708 -28.5444 916 Puna
288.4194 -28.6880 917 Puna
288.8691 -28.8302 918 Puna
288.2768 -27.6600 919 Puna
288.7416 -27.7593 920 Puna
289.2073 -27.8569 921 Puna
288.4709 -26.7536 922 Puna
288.9425 -26.8110 923 Puna
289.4145 -26.8669 924 Puna
288.6051 -25.8588 925 Puna
289.0746 -25.9131 926 Puna
289.5446 -25.9659 927 Puna
288.7120 -24.9524 928 Puna
289.1817 -24.9867 929 Puna
289.6517 -25.0195 930 Puna
288.7937 -24.0553 931 Puna
289.2591 -24.0907 932 Puna
289.7248 -24.1247 933 Puna
288.8604 -23.1502 934 Puna
289.3222 -23.1716 935 Puna
289.7841 -23.1917 936 Puna
168.3633 -44.4159 937 Puysegur
167.4450 -44.9316 938 Puysegur
166.6603 -45.6035 939 Puysegur
165.7917 -46.3150 940 Puysegur
166.1995 -46.6113 941 Puysegur
165.2057 -46.9662 942 Puysegur
165.7782 -47.0861 943 Puysegur
164.8522 -47.8172 944 Puysegur
165.4422 -47.9171 945 Puysegur
164.4362 -48.6970 946 Puysegur
165.0158 -48.8409 947 Puysegur
163.9368 -49.5394 948 Puysegur
164.5222 -49.6905 949 Puysegur
125.8914 23.7673 950 Ryukyu
125.6904 24.1533 951 Ryukyu
125.4883 24.5390 952 Ryukyu
126.6693 24.2216 953 Ryukyu
126.3713 24.5512 954 Ryukyu
126.0718 24.8802 955 Ryukyu
127.3933 24.8130 956 Ryukyu
127.0656 25.1182 957 Ryukyu
126.7363 25.4227 958 Ryukyu
128.1132 25.4403 959 Ryukyu
127.7887 25.7494 960 Ryukyu
127.4625 26.0577 961 Ryukyu
128.8437 26.0570 962 Ryukyu
128.5222 26.3696 963 Ryukyu
128.1990 26.6816 964 Ryukyu
129.4859 26.6917 965 Ryukyu
129.1063 26.9489 966 Ryukyu
128.7249 27.2051 967 Ryukyu
130.0420 27.4174 968 Ryukyu
129.6339 27.6385 969 Ryukyu
129.2242 27.8584 970 Ryukyu
130.6641 28.1684 971 Ryukyu
130.3031 28.4442 972 Ryukyu
129.9403 28.7190 973 Ryukyu
131.2220 28.8677 974 Ryukyu
130.8028 29.0728 975 Ryukyu
130.3818 29.2765 976 Ryukyu
131.7183 29.6566 977 Ryukyu
131.2894 29.8595 978 Ryukyu
130.8587 30.0611 979 Ryukyu
132.2734 30.4420 980 Ryukyu
131.8638 30.6861 981 Ryukyu
131.4521 30.9288 982 Ryukyu
284.3988 -45.2460 983 SChile
285.0189 -45.3083 984 SChile
285.6403 -45.3673 985 SChile
284.5415 -44.3377 986 SChile
285.1558 -44.3706 987 SChile
285.7707 -44.4002 988 SChile
284.6648 -43.4504 989 SChile
285.2668 -43.5029 990 SChile
285.8697 -43.5523 991 SChile
284.8164 -42.5593 992 SChile
285.4074 -42.6135 993 SChile
285.9995 -42.6647 994 SChile
284.9325 -41.6479 995 SChile
285.5154 -41.6747 996 SChile
285.0318 -40.7613 997 SChile
285.5999 -40.8069 998 SChile
285.1410 -39.8559 999 SChile
285.7014 -39.8880 1000 SChile
285.3124 -39.0019 1001 SChile
285.8522 -39.1000 1002 SChile
285.5560 -38.1131 1003 SChile
286.0931 -38.1942 1004 SChile
285.7439 -37.2163 1005 SChile
286.2792 -37.2744 1006 SChile
285.9873 -36.3819 1007 SChile
286.4944 -36.5175 1008 SChile
286.3436 -35.5351 1009 SChile
286.8427 -35.6761 1010 SChile
142.5836 -3.0547 1011 SENewGuinea
142.4262 -3.4315 1012 SENewGuinea
156.7702 -8.2928 1013 SESolomon
156.9781 -8.0048 1014 SESolomon
157.5351 -8.7299 1015 SESolomon
157.7237 -8.3725 1016 SESolomon
158.3434 -9.1450 1017 SESolomon
158.5294 -8.7869 1018 SESolomon
159.1415 -9.5742 1019 SESolomon
159.3399 -9.2288 1020 SESolomon
159.9289 -10.0561 1021 SESolomon
160.1430 -9.7341 1022 SESolomon
160.6871 -10.5744 1023 SESolomon
160.9045 -10.2720 1024 SESolomon
161.4362 -11.0285 1025 SESolomon
162.2523 -11.2102 1026 SESolomon
163.1349 -11.1464 1027 SESolomon
127.4053 5.6649 1028 SPhillip
127.8478 4.8435 1029 SPhillip
127.5697 4.6423 1030 SPhillip
128.2769 4.0881 1031 SPhillip
127.9265 3.9159 1032 SPhillip
128.7079 3.2910 1033 SPhillip
128.4033 3.1322 1034 SPhillip
128.9848 2.4967 1035 SPhillip
128.6458 2.4308 1036 SPhillip
129.0582 1.6473 1037 SPhillip
153.1465 -5.6045 1038 SSolomon
153.2781 -5.2326 1039 SSolomon
154.3961 -6.4267 1040 SSolomon
154.6693 -6.1362 1041 SSolomon
155.4235 -7.2992 1042 SSolomon
155.5920 -6.9348 1043 SSolomon
-25.7353 -59.9253 1044 Sandwich
-26.3221 -59.6434 1045 Sandwich
-24.7658 -59.2462 1046 Sandwich
-25.4710 -59.0567 1047 Sandwich
-24.3341 -58.4748 1048 Sandwich
-25.1117 -58.4406 1049 Sandwich
-24.4396 -57.6438 1050 Sandwich
-25.1873 -57.7269 1051 Sandwich
-24.9820 -56.8719 1052 Sandwich
-25.6382 -57.0687 1053 Sandwich
-25.8446 -56.1395 1054 Sandwich
-26.4397 -56.3791 1055 Sandwich
-26.8942 -55.5756 1056 Sandwich
-27.3086 -55.9106 1057 Sandwich
125.7455 -0.4339 1058 Sangihe
125.8800 -0.7561 1059 Sangihe
128.7989 -2.5540 1060 Seram
128.7389 -2.9578 1061 Seram
129.6935 -2.6821 1062 Seram
129.6373 -3.0865 1063 Seram
130.5250 -2.8813 1064 Seram
130.3895 -3.2509 1065 Seram
131.2880 -3.2615 1066 Seram
131.0727 -3.5961 1067 Seram
131.9246 -3.8067 1068 Seram
131.6240 -4.0734 1069 Seram
-57.5084 -60.9739 1070 Shetland
-57.0829 -61.3268 1071 Shetland
-59.2927 -61.3537 1072 Shetland
-59.0518 -61.7455 1073 Shetland
-60.8989 -61.6967 1074 Shetland
-60.4583 -62.0481 1075 Shetland
-62.4774 -62.1775 1076 Shetland
-61.9829 -62.5151 1077 Shetland
119.5241 -0.5626 1078 Sulawesi
119.2533 -1.4275 1079 Sulawesi
118.9869 -2.2839 1080 Sulawesi
118.9182 -3.0877 1081 Sulawesi
96.6450 1.1140 1082 Sumatra
96.9913 1.3729 1083 Sumatra
97.3376 1.6318 1084 Sumatra
97.6841 1.8906 1085 Sumatra
97.1455 0.3299 1086 Sumatra
97.5286 0.5349 1087 Sumatra
97.9117 0.7400 1088 Sumatra
98.2948 0.9450 1089 Sumatra
97.5744 -0.4539 1090 Sumatra
97.9554 -0.2417 1091 Sumatra
98.3364 -0.0295 1092 Sumatra
98.7174 0.1828 1093 Sumatra
98.0286 -1.2149 1094 Sumatra
98.3949 -0.9804 1095 Sumatra
98.7612 -0.7459 1096 Sumatra
99.1274 -0.5113 1097 Sumatra
98.5381 -1.9278 1098 Sumatra
98.8754 -1.6579 1099 Sumatra
99.2126 -1.3879 1100 Sumatra
99.5498 -1.1179 1101 Sumatra
99.0996 -2.6264 1102 Sumatra
99.4338 -2.3557 1103 Sumatra
99.7679 -2.0849 1104 Sumatra
99.6594 -3.3473 1105 Sumatra
100.0060 -3.0908 1106 Sumatra
100.3525 -2.8342 1107 Sumatra
100.1970 -4.0739 1108 Sumatra
100.5445 -3.8182 1109 Sumatra
100.8918 -3.5625 1110 Sumatra
100.7237 -4.8173 1111 Sumatra
101.0834 -4.5753 1112 Sumatra
101.4428 -4.3330 1113 Sumatra
101.8021 -4.0906 1114 Sumatra
101.2539 -5.5255 1115 Sumatra
101.5914 -5.2502 1116 Sumatra
101.9287 -4.9746 1117 Sumatra
102.2657 -4.6989 1118 Sumatra
101.8384 -6.2049 1119 Sumatra
102.1650 -5.9145 1120 Sumatra
102.4913 -5.6238 1121 Sumatra
102.8172 -5.3330 1122 Sumatra
102.4552 -6.8359 1123 Sumatra
102.7555 -6.5194 1124 Sumatra
103.0555 -6.2027 1125 Sumatra
103.3550 -5.8859 1126 Sumatra
103.1399 -7.3245 1127 Sumatra
103.3450 -6.9413 1128 Sumatra
103.5497 -6.5581 1129 Sumatra
103.7541 -6.1747 1130 Sumatra
103.9409 -7.6917 1131 Sumatra
104.1004 -7.2888 1132 Sumatra
104.2598 -6.8860 1133 Sumatra
104.4188 -6.4830 1134 Sumatra
114.2119 -10.8226 1135 Sumba
114.2853 -10.3980 1136 Sumba
114.3585 -9.9733 1137 Sumba
114.4316 -9.5485 1138 Sumba
115.1071 -10.9490 1139 Sumba
115.1572 -10.5206 1140 Sumba
115.2071 -10.0922 1141 Sumba
115.2569 -9.6638 1142 Sumba
116.0154 -11.0423 1143 Sumba
116.0552 -10.6131 1144 Sumba
116.0948 -10.1839 1145 Sumba
116.1344 -9.7547 1146 Sumba
116.9240 -11.1021 1147 Sumba
116.9414 -10.6716 1148 Sumba
116.9587 -10.2412 1149 Sumba
116.9760 -9.8108 1150 Sumba
117.8454 -11.1451 1151 Sumba
117.8684 -10.7147 1152 Sumba
117.8913 -10.2843 1153 Sumba
117.9142 -9.8539 1154 Sumba
118.7552 -11.1705 1155 Sumba
118.7571 -10.7369 1156 Sumba
118.7590 -10.3033 1157 Sumba
118.7610 -9.8696 1158 Sumba
119.6961 -11.2232 1159 Sumba
119.7457 -10.7877 1160 Sumba
119.7951 -10.3522 1161 Sumba
119.8443 -9.9167 1162 Sumba
119.8934 -9.4812 1163 Sumba
114.1972 -10.9076 1164 Sumba_normal
115.0967 -11.0374 1165 Sumba_normal
116.0071 -11.1312 1166 Sumba_normal
116.9205 -11.1882 1167 Sumba_normal
117.8407 -11.2313 1168 Sumba_normal
118.7548 -11.2582 1169 Sumba_normal
119.6860 -11.3125 1170 Sumba_normal
122.1683 -11.0896 1171 Timor_CCB
123.0252 -10.8260 1172 Timor_CCB
123.8731 -10.5097 1173 Timor_CCB
130.3349 -8.9099 1174 Timor_OSR
131.1827 -8.5120 1175 Timor_OSR
131.8770 -7.8791 1176 Timor_OSR
132.4385 -7.1822 1177 Timor_OSR
125.8681 -9.7352 1178 Timor_OTF
126.7417 -9.3812 1179 Timor_OTF
127.6300 -9.1396 1180 Timor_OTF
128.8194 -8.9817 1181 Timor_OTF
185.0480 -23.2556 1182 Tonga
184.6475 -23.0555 1183 Tonga
184.2481 -22.8545 1184 Tonga
185.5033 -22.4643 1185 Tonga
185.1018 -22.2732 1186 Tonga
184.7013 -22.0810 1187 Tonga
185.8891 -21.6651 1188 Tonga
185.4722 -21.5181 1189 Tonga
185.0560 -21.3701 1190 Tonga
186.2538 -20.8206 1191 Tonga
185.8467 -20.6587 1192 Tonga
185.4405 -20.4957 1193 Tonga
186.6087 -19.9913 1194 Tonga
186.1973 -19.8454 1195 Tonga
185.7866 -19.6986 1196 Tonga
186.8892 -19.1546 1197 Tonga
186.4678 -19.0533 1198 Tonga
187.1372 -18.2800 1199 Tonga
186.7225 -18.1691 1200 Tonga
187.3555 -17.4195 1201 Tonga
186.9359 -17.3385 1202 Tonga
187.4666 -16.5603 1203 Tonga
187.0436 -16.5421 1204 Tonga
187.3896 -15.7279 1205 Tonga
187.0002 -15.8206 1206 Tonga
187.0013 -15.0970 1207 Tonga
148.9635 -7.7240 1208 Trobriand
148.8439 -8.1307 1209 Trobriand
148.7240 -8.5373 1210 Trobriand
149.9118 -7.8644 1211 Trobriand
149.9054 -8.2879 1212 Trobriand
149.8989 -8.7114 1213 Trobriand
150.7700 -7.9571 1214 Trobriand
150.6832 -8.3719 1215 Trobriand
150.5963 -8.7866 1216 Trobriand
151.6219 -8.1863 1217 Trobriand
151.4835 -8.5872 1218 Trobriand
151.3448 -8.9879 1219 Trobriand
152.4335 -8.5208 1220 Trobriand
152.2423 -8.8998 1221 Trobriand
152.0506 -9.2788 1222 Trobriand
163.3266 56.1513 1223 WAleutians
163.8726 56.3541 1224 WAleutians
164.3317 55.5005 1225 WAleutians
164.8684 55.7867 1226 WAleutians
165.4130 56.0707 1227 WAleutians
165.4720 54.9465 1228 WAleutians
165.8969 55.2850 1229 WAleutians
166.3291 55.6221 1230 WAleutians
166.7460 54.4277 1231 WAleutians
167.1814 54.7686 1232 WAleutians
167.6242 55.1080 1233 WAleutians
167.9882 53.8985 1234 WAleutians
168.4239 54.2378 1235 WAleutians
168.8668 54.5755 1236 WAleutians
169.2083 53.3597 1237 WAleutians
169.6467 53.6966 1238 WAleutians
170.0922 54.0318 1239 WAleutians
170.4152 52.8571 1240 WAleutians
170.7993 53.2128 1241 WAleutians
171.1898 53.5672 1242 WAleutians
171.6669 52.3726 1243 WAleutians
172.0489 52.7264 1244 WAleutians
172.4371 53.0790 1245 WAleutians
172.8994 51.9618 1246 WAleutians
173.1885 52.3440 1247 WAleutians
173.4827 52.7255 1248 WAleutians
174.2139 51.6341 1249 WAleutians
174.4498 52.0292 1250 WAleutians
174.6899 52.4237 1251 WAleutians
175.5631 51.3460 1252 WAleutians
175.7804 51.7436 1253 WAleutians
176.0015 52.1409 1254 WAleutians
176.9228 51.0708 1255 WAleutians
177.1296 51.4673 1256 WAleutians
177.3401 51.8634 1257 WAleutians
135.2215 0.0158 1258 WNewGuinea
135.0135 -0.3355 1259 WNewGuinea
136.0911 -0.3547 1260 WNewGuinea
135.9817 -0.7480 1261 WNewGuinea
136.9233 -0.6337 1262 WNewGuinea
136.7735 -1.0134 1263 WNewGuinea
137.8261 -0.8851 1264 WNewGuinea
137.7577 -1.2876 1265 WNewGuinea
120.9394 -8.1176 1266 Wetar
120.8448 -8.5304 1267 Wetar
121.9013 -8.1878 1268 Wetar
121.9330 -8.6099 1269 Wetar
122.8206 -8.0798 1270 Wetar
122.8888 -8.4977 1271 Wetar
138.3470 9.8540 1272 Yap
138.5532 10.7144 1273 Yap
138.2167 10.7817 1274 Yap
